label:Mg-80to+40Long5shortCaSpikeNaSpike
2969	
0	0
0.697	0.74468
1.743	2.0922
3.136	15.92199
3.485	16.2766
4.182	21.17021
4.53	22.58861
4.53	22.58861
4.879	22.94331
4.879	22.94331
5.575	25.78011
5.924	27.19861
5.924	27.19861
6.272	27.55321
6.272	27.55321
6.621	28.61701
6.621	28.61701
6.969	29.68081
9.06	34.71631
9.408	35.07091
9.757	35.78011
10.105	36.13471
10.453	36.84401
10.802	37.19861
11.15	37.55321
11.499	38.26241
12.544	39.71631
12.544	39.71631
14.286	39.89361
14.286	39.89361
15.331	40.95741
16.377	41.31201
18.119	41.13471
19.164	41.45391
19.513	42.16311
20.21	42.51771
22.3	42.73051
22.997	43.08511
23.694	43.43971
24.391	43.79431
25.436	44.11351
26.133	44.46811
26.83	45.39011
27.527	45.24821
27.875	44.89361
28.92	44.57451
29.617	44.21981
30.314	43.86521
31.359	43.54611
31.708	43.19151
32.056	42.83691
33.102	43.12061
33.798	43.47521
34.147	43.82981
34.844	44.14891
35.889	44.64541
36.237	45.00001
39.373	45.17731
41.115	45.10641
42.161	44.89361
42.858	44.57451
43.554	44.21981
43.903	43.86521
45.645	43.58161
47.736	43.86521
48.084	44.21981
49.129	44.53901
50.175	45.10641
50.872	45.46101
52.962	44.00711
53.311	43.29791
55.053	43.12061
56.098	42.80141
58.189	42.90781
58.885	43.22691
60.976	43.29791
62.37	43.15601
64.809	42.90781
68.293	41.73761
70.035	41.45391
71.081	40.39011
71.777	40.03551
72.823	39.71631
73.868	39.71631
75.262	39.53901
76.656	39.36171
78.049	39.68081
78.746	40.00001
80.837	39.75181
82.23	40.07091
84.669	40.14181
85.018	39.78721
86.063	39.60991
88.502	39.64541
89.896	39.36171
91.987	39.14891
93.38	38.54611
93.729	38.19151
94.077	37.83691
94.774	38.97161
95.122	38.26241
95.819	38.54611
96.168	38.22691
97.561	38.33331
97.91	37.97871
98.607	37.62411
99.652	37.65961
100.349	38.01421
100.697	37.87231
101.743	37.16311
102.439	36.91491
104.182	38.33331
105.924	38.40421
106.272	38.75891
107.318	39.32621
108.014	38.97161
108.711	38.65251
109.06	38.29791
109.408	38.08511
110.802	38.40421
112.544	38.68791
113.241	39.00711
114.635	39.00711
115.68	38.01421
116.725	38.19151
117.771	38.54611
118.467	38.22691
119.513	38.29791
121.255	39.43261
122.3	39.11351
122.649	38.40421
123.345	38.04961
123.694	37.69501
124.739	37.62411
125.088	37.94331
126.133	38.22691
126.481	37.87231
127.527	37.16311
128.223	36.48941
130.314	36.70211
131.011	36.48941
131.359	36.13471
132.056	35.92201
133.798	36.06381
134.147	35.70921
135.192	35.35461
136.586	35.35461
136.934	35.00001
137.631	34.64541
137.98	34.29081
138.328	33.93621
138.676	33.61701
139.025	33.26241
140.419	33.15601
142.509	32.55321
143.206	32.19861
143.903	32.23401
144.948	33.12061
145.297	33.47521
146.342	33.82981
147.387	34.57451
148.433	34.25531
149.129	33.90071
150.872	34.11351
152.962	33.82981
153.311	33.47521
153.659	33.12061
154.704	33.08511
155.401	33.43971
156.446	33.26241
158.189	33.86521
160.279	33.79431
160.628	33.43971
161.673	32.73051
163.067	32.83691
163.764	33.19151
165.506	34.11351
168.642	33.65251
170.035	33.72341
171.429	33.93621
172.474	34.18441
173.868	34.07801
174.565	33.75891
175.61	33.40421
175.959	33.08511
179.443	31.95031
180.14	32.30501
181.534	32.55321
182.23	32.87231
182.579	33.22691
182.927	33.58161
183.973	33.90071
186.412	33.65251
187.457	33.61701
190.244	33.68791
190.941	33.33331
191.987	33.43971
193.729	32.58861
194.077	32.23401
194.774	32.02131
197.213	32.02131
197.91	32.37591
198.607	32.73051
199.304	33.26241
200.349	32.90781
200.697	32.55321
202.439	32.30501
204.182	32.30501
205.227	32.34041
206.621	32.23401
207.666	32.26951
208.363	32.62411
211.15	32.69501
212.544	32.97871
213.589	32.65961
214.983	31.48941
215.68	31.80851
216.028	32.16311
216.377	32.48231
217.422	32.26951
219.164	31.34751
220.21	30.78011
221.952	30.56741
224.042	30.39011
225.436	30.70921
229.617	30.81561
230.662	30.56741
231.708	30.21281
234.147	30.00001
234.844	29.71631
235.889	30.03551
236.237	30.17731
236.934	29.82271
237.631	29.46811
238.328	29.14891
239.025	28.79431
241.115	28.75891
241.812	28.43971
242.858	28.01421
243.206	27.69501
244.6	27.41131
245.994	27.05671
247.387	26.73761
248.433	26.87941
249.826	26.98581
251.22	26.66671
252.265	27.19861
253.311	26.87941
255.053	26.20571
256.446	26.45391
257.143	27.02131
258.537	26.77301
259.234	26.20571
260.976	26.06381
261.673	25.70921
263.415	25.46101
264.46	25.81561
264.809	26.17021
265.157	26.48941
265.854	26.84401
267.248	26.66671
272.823	26.73761
273.868	26.41841
275.61	26.48941
276.656	26.27661
277.352	25.67381
279.791	25.53191
281.185	25.10641
281.882	25.46101
282.23	26.17021
282.927	26.17021
284.321	25.85111
285.715	25.53191
286.412	25.17731
287.805	25.35461
288.154	25.67381
288.502	26.02841
289.199	26.38301
289.896	26.73761
291.29	26.52481
292.335	25.85111
293.38	25.74471
294.426	25.42551
295.819	25.07091
297.91	24.92911
298.607	24.96451
300.349	24.68081
301.394	24.50351
302.788	24.39721
303.833	23.75891
304.879	23.43971
305.227	23.08511
305.575	22.73051
306.969	22.69501
308.014	22.94331
308.711	23.15601
309.408	23.51061
309.757	23.86521
310.105	24.21981
311.847	24.25531
312.544	24.57451
313.589	24.89361
314.635	25.21281
315.331	25.07091
316.377	24.71631
316.725	24.36171
317.771	24.04251
319.164	24.21981
319.861	23.86521
320.21	23.51061
321.255	23.19151
322.997	23.40421
324.042	23.08511
325.088	23.19151
325.784	23.54611
327.178	23.86521
327.875	23.54611
328.223	23.19151
328.572	22.83691
329.269	22.48231
329.617	22.12771
330.662	21.84401
332.056	22.05671
333.798	21.84401
334.495	22.16311
335.889	22.41131
336.586	22.09221
337.283	21.73761
339.025	21.87941
339.722	22.23401
340.767	22.55321
342.509	22.83691
344.948	23.04961
345.645	22.51771
345.994	22.16311
347.736	21.95031
349.478	21.66671
350.523	21.87941
351.568	22.23401
352.614	23.01421
353.659	23.36881
355.053	23.19151
355.75	22.83691
356.795	22.65961
358.189	22.34041
359.582	22.05671
360.279	22.41131
362.37	22.41131
363.067	22.09221
363.415	21.73761
364.112	21.56031
364.809	21.91491
365.506	22.23401
366.551	21.95031
367.248	21.59571
367.945	21.24111
368.293	20.92201
368.642	20.56741
370.035	21.17021
370.384	21.52481
371.429	21.84401
373.171	21.59571
375.959	21.98581
376.656	21.66671
378.049	21.63121
379.095	21.52481
380.488	21.27661
381.882	21.09931
382.579	20.74471
384.321	20.74471
385.018	20.39011
385.366	20.03551
386.412	20.10641
387.805	20.46101
388.851	20.78011
389.548	21.13471
389.896	21.48941
391.638	21.24111
392.335	20.92201
394.077	20.63831
394.774	20.95741
395.122	21.31201
395.471	21.66671
395.819	22.02131
396.865	22.19861
397.213	21.84401
398.258	22.09221
399.304	21.91491
400.697	21.59571
402.091	21.77301
403.833	21.56031
406.969	21.70211
407.666	22.05671
409.06	22.05671
409.757	21.70211
411.847	21.56031
415.331	21.70211
416.028	21.80851
418.467	21.63121
420.21	21.31201
421.255	20.99291
423.345	21.06381
424.391	21.38301
426.133	21.17021
427.178	21.24111
427.875	21.66671
428.92	21.98581
430.314	21.87941
432.056	21.98581
433.45	21.77301
434.495	21.56031
434.844	20.70921
435.192	21.34751
436.237	20.00001
437.98	19.96451
439.025	20.31911
440.767	20.24821
442.858	20.10641
445.297	20.24821
446.342	20.60281
447.387	20.28371
448.781	20.07091
451.568	19.92911
452.614	19.92911
453.659	20.21281
454.704	20.35461
455.75	19.78721
456.795	20.03551
458.537	19.71631
459.582	19.39721
459.931	19.04251
460.628	18.72341
462.021	19.04251
463.415	19.36171
464.809	19.14891
465.854	18.82981
466.899	18.47521
467.596	18.68791
468.99	18.79431
469.687	18.43971
470.384	18.19151
472.474	17.62411
473.52	17.94331
473.868	18.29791
475.959	18.51061
477.004	18.82981
478.746	19.07801
479.791	19.39721
481.185	19.14891
482.927	19.29081
483.276	18.93621
483.973	18.58161
484.321	18.26241
485.018	17.90781
487.108	17.69501
488.154	17.73051
489.199	18.08511
490.941	18.29791
492.335	17.73051
492.683	17.37589
494.077	17.30497
495.122	16.98582
496.516	16.80851
497.91	17.12766
499.304	17.16312
500	16.80851
500.697	16.48936
502.091	16.70213
502.788	17.02128
504.182	17.26951
505.227	17.58861
600	0
647.161	0
648.937	22.551706
650.211	26.997806
652.372	27.702206
652.743	28.054906
652.835	-0.004005
745.74	-0.069584
746.822	15.317906
747.67	18.246706
748.772	19.057706
749.143	19.410406
749.514	19.763006
749.891	20.221606
749.904	20.503906
751.352	21.138206
751.413	-0.073594
845.027	-0.139674
846.252	10.765346
846.64	11.471006
847.025	12.106006
847.396	12.458706
847.767	12.811306
848.491	13.128506
850.629	13.338706
850.701	-0.143674
944.315	-0.209754
945.021	7.236806
946.237	10.447716
947.317	10.799886
948.751	11.116506
950.179	11.327306
950.343	-0.214014
1044.6659	-0.280594
1045.013	7.060336
1045.3943	7.624776
1046.4698	7.871076
1047.8999	8.117126
1049.6795	8.257046
1049.9849	-0.284344
1114.1671	-0.329654
1200	0
1200.025	0
1200.05	0
1200.075	0
1200.1	0
1200.125	0
1200.15	0
1200.175	0
1200.2	0
1200.225	0
1200.25	0
1200.275	0
1200.3	0
1200.325	0
1200.35	0
1200.375	0
1200.4	0
1200.425	0
1200.45	0
1200.475	0
1200.5	0
1200.525	0
1200.55	0
1200.575	0
1200.6	0
1200.625	0
1200.65	0
1200.675	0
1200.7	0
1200.725	0
1200.75	0
1200.775	0
1200.8	0
1200.825	0
1200.85	0
1200.875	0
1200.9	0
1200.925	0
1200.95	0
1200.975	0
1201	0
1201.025	0
1201.05	0
1201.075	0
1201.1	0
1201.125	0
1201.15	0
1201.175	0
1201.2	0
1201.225	0
1201.25	0
1201.275	0
1201.3	0
1201.325	0
1201.35	0
1201.375	0
1201.4	0
1201.425	0
1201.45	0
1201.475	0
1201.5	0
1201.525	0
1201.55	0
1201.575	-9.30E-06
1201.6	-9.28E-05
1201.625	-0.000404292
1201.65	-0.00118395
1201.675	-0.00272531
1201.7	-0.00533005
1201.725	-0.0092648
1201.75	-0.0147295
1201.775	-0.0218409
1201.8	-0.030629
1201.825	-0.0410449
1201.85	-0.0529744
1201.875	-0.066255
1201.9	-0.081089
1201.925	-0.0971077
1201.95	-0.113761
1201.975	-0.130879
1202	-0.148298
1202.025	-0.165863
1202.05	-0.183431
1202.075	-0.200874
1202.1	-0.218087
1202.125	-0.234983
1202.15	-0.251493
1202.175	-0.267565
1202.2	-0.283162
1202.225	-0.298261
1202.25	-0.312848
1202.275	-0.326921
1202.3	-0.340482
1202.325	-0.353541
1202.35	-0.366112
1202.375	-0.378213
1202.4	-0.389863
1202.425	-0.401085
1202.45	-0.411902
1202.475	-0.422336
1202.5	-0.43241
1202.525	-0.442149
1202.55	-0.451573
1202.575	-0.460705
1202.6	-0.469565
1202.625	-0.478173
1202.65	-0.486547
1202.675	-0.494705
1202.7	-0.502663
1202.725	-0.510435
1202.75	-0.518037
1202.775	-0.525481
1202.8	-0.532779
1202.825	-0.539942
1202.85	-0.544012
1202.875	-0.547032
1202.9	-0.55143
1202.925	-0.556665
1202.95	-0.565481
1202.975	-0.575465
1203	-0.58401
1203.025	-0.591607
1203.05	-0.598622
1203.075	-0.605274
1203.1	-0.61169
1203.125	-0.617947
1203.15	-0.624088
1203.175	-0.630141
1203.2	-0.636122
1203.225	-0.642042
1203.25	-0.647908
1203.275	-0.653723
1203.3	-0.659491
1203.325	-0.665214
1203.35	-0.670894
1203.375	-0.676533
1203.4	-0.682131
1203.425	-0.68769
1203.45	-0.693209
1203.475	-0.698691
1203.5	-0.704136
1203.525	-0.709543
1203.55	-0.714914
1203.575	-0.720249
1203.6	-0.725549
1203.625	-0.730813
1203.65	-0.736043
1203.675	-0.741237
1203.7	-0.746398
1203.725	-0.751524
1203.75	-0.756616
1203.775	-0.761674
1203.8	-0.762203
1203.825	-0.761555
1203.85	-0.763083
1203.875	-0.765962
1203.9	-0.769608
1203.925	-0.773682
1203.95	-0.777988
1203.975	-0.782416
1204	-0.7869
1204.025	-0.791404
1204.05	-0.795906
1204.075	-0.800394
1204.1	-0.804862
1204.125	-0.809304
1204.15	-0.81372
1204.175	-0.823054
1204.2	-0.833545
1204.225	-0.841628
1204.25	-0.848177
1204.275	-0.848712
1204.3	-0.847479
1204.325	-0.848411
1204.35	-0.850701
1204.375	-0.853764
1204.4	-0.857259
1204.425	-0.860991
1204.45	-0.864846
1204.475	-0.86876
1204.5	-0.872696
1204.525	-0.876633
1204.55	-0.880559
1204.575	-0.884466
1204.6	-0.88835
1204.625	-0.89221
1204.65	-0.896044
1204.675	-0.899852
1204.7	-0.903633
1204.725	-0.907387
1204.75	-0.911115
1204.775	-0.914815
1204.8	-0.918489
1204.825	-0.922136
1204.85	-0.925757
1204.875	-0.929351
1204.9	-0.93292
1204.925	-0.936462
1204.95	-0.939978
1204.975	-0.943468
1205	-0.946933
1205.025	-0.950373
1205.05	-0.953787
1205.075	-0.957176
1205.1	-0.96054
1205.125	-0.963879
1205.15	-0.967193
1205.175	-0.970483
1205.2	-0.973748
1205.225	-0.976989
1205.25	-0.980206
1205.275	-0.9834
1205.3	-0.992702
1205.325	-1.00333
1205.35	-1.01101
1205.375	-1.01681
1205.4	-1.02764
1205.425	-1.03939
1205.45	-1.04779
1205.475	-1.05406
1205.5	-1.05279
1205.525	-1.04913
1205.55	-1.04811
1205.575	-1.04877
1205.6	-1.0504
1205.625	-1.05258
1205.65	-1.05508
1205.675	-1.05774
1205.7	-1.0605
1205.725	-1.0633
1205.75	-1.06611
1205.775	-1.06893
1205.8	-1.07174
1205.825	-1.07453
1205.85	-1.07731
1205.875	-1.08006
1205.9	-1.0828
1205.925	-1.08552
1205.95	-1.08822
1205.975	-1.09089
1206	-1.09355
1206.025	-1.09618
1206.05	-1.0988
1206.075	-1.1014
1206.1	-1.10397
1206.125	-1.10653
1206.15	-1.10906
1206.175	-1.11158
1206.2	-1.11408
1206.225	-1.11656
1206.25	-1.11902
1206.275	-1.12146
1206.3	-1.12388
1206.325	-1.12628
1206.35	-1.12166
1206.375	-1.11553
1206.4	-1.11277
1206.425	-1.11211
1206.45	-1.11266
1206.475	-1.11389
1206.5	-1.11552
1206.525	-1.11736
1206.55	-1.12639
1206.575	-1.13696
1206.6	-1.14419
1206.625	-1.1493
1206.65	-1.15318
1206.675	-1.15632
1206.7	-1.15904
1206.725	-1.1615
1206.75	-1.1638
1206.775	-1.16601
1206.8	-1.16815
1206.825	-1.17025
1206.85	-1.17231
1206.875	-1.17435
1206.9	-1.17637
1206.925	-1.17837
1206.95	-1.18035
1206.975	-1.18231
1207	-1.18426
1207.025	-1.18619
1207.05	-1.1881
1207.075	-1.19
1207.1	-1.19189
1207.125	-1.19375
1207.15	-1.19561
1207.175	-1.19744
1207.2	-1.19927
1207.225	-1.20108
1207.25	-1.20287
1207.275	-1.20465
1207.3	-1.20641
1207.325	-1.20816
1207.35	-1.2099
1207.375	-1.21162
1207.4	-1.21332
1207.425	-1.21502
1207.45	-1.2167
1207.475	-1.21836
1207.5	-1.21237
1207.525	-1.20478
1207.55	-1.20087
1207.575	-1.19926
1207.6	-1.2066
1207.625	-1.21625
1207.65	-1.22269
1207.675	-1.22709
1207.7	-1.23028
1207.725	-1.23278
1207.75	-1.23486
1207.775	-1.23669
1207.8	-1.23838
1207.825	-1.23997
1207.85	-1.24151
1207.875	-1.24301
1207.9	-1.23666
1207.925	-1.22868
1207.95	-1.22447
1207.975	-1.2226
1208	-1.22207
1208.025	-1.22232
1208.05	-1.22301
1208.075	-1.22394
1208.1	-1.22501
1208.125	-1.22616
1208.15	-1.22734
1208.175	-1.22855
1208.2	-1.22976
1208.225	-1.23885
1208.25	-1.24952
1208.275	-1.25644
1208.3	-1.26099
1208.325	-1.26416
1208.35	-1.26653
1208.375	-1.26841
1208.4	-1.27002
1208.425	-1.27146
1208.45	-1.27279
1208.475	-1.27407
1208.5	-1.2753
1208.525	-1.2765
1208.55	-1.27768
1208.575	-1.27885
1208.6	-1.28
1208.625	-1.28114
1208.65	-1.28226
1208.675	-1.28338
1208.7	-1.28448
1208.725	-1.28557
1208.75	-1.28666
1208.775	-1.2796
1208.8	-1.27089
1208.825	-1.26609
1208.85	-1.27184
1208.875	-1.2806
1208.9	-1.2863
1208.925	-1.29005
1208.95	-1.30066
1208.975	-1.31247
1209	-1.32004
1209.025	-1.32493
1209.05	-1.32822
1209.075	-1.33057
1209.1	-1.33238
1209.125	-1.33385
1209.15	-1.33513
1209.175	-1.32813
1209.2	-1.31913
1209.225	-1.31406
1209.25	-1.31148
1209.275	-1.31035
1209.3	-1.31005
1209.325	-1.31024
1209.35	-1.3107
1209.375	-1.31132
1209.4	-1.31203
1209.425	-1.31279
1209.45	-1.31357
1209.475	-1.31437
1209.5	-1.31516
1209.525	-1.31596
1209.55	-1.31676
1209.575	-1.31754
1209.6	-1.31833
1209.625	-1.3191
1209.65	-1.31987
1209.675	-1.32063
1209.7	-1.32139
1209.725	-1.32214
1209.75	-1.32288
1209.775	-1.32361
1209.8	-1.33258
1209.825	-1.34345
1209.85	-1.35035
1209.875	-1.35473
1209.9	-1.35761
1209.925	-1.35961
1209.95	-1.36109
1209.975	-1.36226
1210	-1.36325
1210.025	-1.35578
1210.05	-1.34627
1210.075	-1.34081
1210.1	-1.33789
1210.125	-1.33645
1210.15	-1.33587
1210.175	-1.33579
1210.2	-1.336
1210.225	-1.33637
1210.25	-1.33683
1210.275	-1.33734
1210.3	-1.33788
1210.325	-1.33844
1210.35	-1.339
1210.375	-1.33956
1210.4	-1.34012
1210.425	-1.34067
1210.45	-1.34123
1210.475	-1.34177
1210.5	-1.34232
1210.525	-1.34285
1210.55	-1.34339
1210.575	-1.34391
1210.6	-1.34443
1210.625	-1.34495
1210.65	-1.34546
1210.675	-1.34597
1210.7	-1.34647
1210.725	-1.34696
1210.75	-1.34745
1210.775	-1.34793
1210.8	-1.34841
1210.825	-1.34889
1210.85	-1.34936
1210.875	-1.34982
1210.9	-1.35028
1210.925	-1.35073
1210.95	-1.35118
1210.975	-1.35163
1211	-1.35206
1211.025	-1.3525
1211.05	-1.35293
1211.075	-1.35335
1211.1	-1.35377
1211.125	-1.35418
1211.15	-1.35459
1211.175	-1.355
1211.2	-1.3554
1211.225	-1.35579
1211.25	-1.35618
1211.275	-1.35657
1211.3	-1.35695
1211.325	-1.35733
1211.35	-1.3577
1211.375	-1.35807
1211.4	-1.35843
1211.425	-1.35879
1211.45	-1.35915
1211.475	-1.3595
1211.5	-1.35116
1211.525	-1.34113
1211.55	-1.33527
1211.575	-1.332
1211.6	-1.33024
1211.625	-1.32933
1211.65	-1.32892
1211.675	-1.33743
1211.7	-1.34775
1211.725	-1.35407
1211.75	-1.35789
1211.775	-1.36023
1211.8	-1.36171
1211.825	-1.3627
1211.85	-1.3634
1211.875	-1.36392
1211.9	-1.36435
1211.925	-1.36471
1211.95	-1.36504
1211.975	-1.36534
1212	-1.36563
1212.025	-1.36591
1212.05	-1.36618
1212.075	-1.36644
1212.1	-1.3667
1212.125	-1.36695
1212.15	-1.3672
1212.175	-1.36745
1212.2	-1.36769
1212.225	-1.37651
1212.25	-1.38727
1212.275	-1.39391
1212.3	-1.39793
1212.325	-1.40887
1212.35	-1.42114
1212.375	-1.42876
1212.4	-1.43342
1212.425	-1.43631
1212.45	-1.43814
1212.475	-1.43936
1212.5	-1.45673
1212.525	-1.47926
1212.55	-1.4935
1212.575	-1.50227
1212.6	-1.53129
1212.625	-1.56872
1212.65	-1.59292
1212.675	-1.62299
1212.7	-1.68309
1212.725	-1.75281
1212.75	-1.81729
1212.775	-1.88584
1212.8	-1.95205
1212.825	-2.03557
1212.85	-2.10828
1212.875	-2.20862
1212.9	-2.31934
1212.925	-2.45316
1212.95	-2.54704
1212.975	-2.66118
1213	-2.78285
1213.025	-2.92074
1213.05	-3.08063
1213.075	-3.23618
1213.1	-3.29684
1213.125	-3.35039
1213.15	-3.54975
1213.175	-3.6834
1213.2	-3.51372
1213.225	-3.42738
1213.25	-3.40035
1213.275	-3.45271
1213.3	-3.39244
1213.325	-3.595
1213.35	-3.78533
1213.375	-3.69362
1213.4	-3.83791
1213.425	-3.59333
1213.45	-3.40489
1213.475	-3.50874
1213.5	-3.17903
1213.525	-3.25617
1213.55	-3.34033
1213.575	-3.06044
1213.6	-3.11529
1213.625	-3.17691
1213.65	-3.10604
1213.675	-3.15186
1213.7	-3.19762
1213.725	-3.23916
1213.75	-3.41092
1213.775	-3.44918
1213.8	-3.47943
1213.825	-3.91833
1213.85	-3.95346
1213.875	-3.97155
1213.9	-4.40203
1213.925	-4.42458
1213.95	-4.7064
1213.975	-4.71612
1214	-4.71649
1214.025	-4.71775
1214.05	-5.12966
1214.075	-5.13499
1214.1	-5.12682
1214.125	-5.1204
1214.15	-5.38522
1214.175	-5.38241
1214.2	-5.638
1214.225	-5.62802
1214.25	-5.61123
1214.275	-5.5974
1214.3	-5.9776
1214.325	-5.96434
1214.35	-5.94022
1214.375	-6.17469
1214.4	-6.1529
1214.425	-6.12602
1214.45	-6.47647
1214.475	-6.44734
1214.5	-6.40977
1214.525	-6.37755
1214.55	-6.47091
1214.575	-6.4443
1214.6	-6.41785
1214.625	-6.74886
1214.65	-6.71594
1214.675	-6.67558
1214.7	-6.9821
1214.725	-6.93445
1214.75	-7.10193
1214.775	-7.04191
1214.8	-6.9826
1214.825	-6.93169
1214.85	-6.88837
1214.875	-7.06088
1214.9	-7.01437
1214.925	-6.96716
1214.95	-7.02813
1214.975	-6.98569
1215	-6.94599
1215.025	-7.10928
1215.05	-7.06319
1215.075	-7.01672
1215.1	-6.97705
1215.125	-7.13261
1215.15	-7.08516
1215.175	-7.03778
1215.2	-7.17953
1215.225	-7.12442
1215.25	-7.07067
1215.275	-7.02482
1215.3	-7.07327
1215.325	-7.02965
1215.35	-6.98943
1215.375	-6.95537
1215.4	-7.09503
1215.425	-7.04818
1215.45	-7.00203
1215.475	-6.96281
1215.5	-6.92978
1215.525	-6.90207
1215.55	-6.87892
1215.575	-6.93956
1215.6	-6.91194
1215.625	-6.88571
1215.65	-6.86373
1215.675	-7.00057
1215.7	-6.96067
1215.725	-6.92094
1215.75	-6.88731
1215.775	-6.9337
1215.8	-6.89718
1215.825	-6.86353
1215.85	-6.97973
1215.875	-6.92875
1215.9	-6.87997
1215.925	-6.83872
1215.95	-6.87308
1215.975	-6.82997
1216	-6.79095
1216.025	-6.75814
1216.05	-6.79729
1216.075	-6.76008
1216.1	-6.72616
1216.125	-6.69771
1216.15	-6.73843
1216.175	-6.7041
1216.2	-6.67271
1216.225	-6.64644
1216.25	-6.68695
1216.275	-6.6539
1216.3	-6.62368
1216.325	-6.65902
1216.35	-6.62272
1216.375	-6.58983
1216.4	-6.56235
1216.425	-6.53951
1216.45	-6.57896
1216.475	-6.54779
1216.5	-6.51933
1216.525	-6.55229
1216.55	-6.51669
1216.575	-6.48459
1216.6	-6.45781
1216.625	-6.49034
1216.65	-6.45577
1216.675	-6.42462
1216.7	-6.45168
1216.725	-6.41364
1216.75	-6.37967
1216.775	-6.35139
1216.8	-6.32798
1216.825	-6.30862
1216.85	-6.29267
1216.875	-6.27956
1216.9	-6.26883
1216.925	-6.15712
1216.95	-6.18135
1216.975	-6.2067
1217	-6.12099
1217.025	-6.16891
1217.05	-6.10206
1217.075	-6.16853
1217.1	-6.23015
1217.125	-6.10294
1217.15	-6.18633
1217.175	-6.26551
1217.2	-6.13921
1217.225	-6.23256
1217.25	-6.32109
1217.275	-6.1873
1217.3	-6.2849
1217.325	-6.15378
1217.35	-6.26235
1217.375	-6.04565
1217.4	-6.16667
1217.425	-6.027
1217.45	-6.14959
1217.475	-5.99174
1217.5	-6.1105
1217.525	-5.93255
1217.55	-6.04618
1217.575	-6.15708
1217.6	-6.25513
1217.625	-5.9135
1217.65	-6.00279
1217.675	-5.7588
1217.7	-5.8488
1217.725	-5.94076
1217.75	-5.66184
1217.775	-5.73755
1217.8	-5.44079
1217.825	-5.51237
1217.85	-5.19616
1217.875	-5.26211
1217.9	-5.3347
1217.925	-5.39983
1217.95	-5.03834
1217.975	-5.08503
1218	-5.14149
1218.025	-4.75403
1218.05	-4.79197
1218.075	-4.84125
1218.1	-4.58189
1218.125	-4.61556
1218.15	-4.65634
1218.175	-4.3792
1218.2	-4.40515
1218.225	-4.43943
1218.25	-3.98498
1218.275	-4.00028
1218.3	-4.03093
1218.325	-4.05915
1218.35	-3.7489
1218.375	-3.76224
1218.4	-3.78597
1218.425	-3.29169
1218.45	-3.2952
1218.475	-3.31629
1218.5	-2.98319
1218.525	-2.98906
1218.55	-3.0066
1218.575	-2.66227
1218.6	-2.66431
1218.625	-2.67866
1218.65	-2.32409
1218.675	-2.3228
1218.7	-2.3344
1218.725	-2.34543
1218.75	-1.78999
1218.775	-1.77743
1218.8	-1.78564
1218.825	-1.21711
1218.85	-1.2011
1218.875	-1.20652
1218.9	-0.820286
1218.925	-0.808983
1218.95	-0.812264
1218.975	-0.217534
1219	-0.194802
1219.025	0.209257
1219.05	0.226537
1219.075	0.228263
1219.1	0.229282
1219.125	0.230191
1219.15	0.852183
1219.175	0.880857
1219.2	0.885508
1219.225	1.30922
1219.25	1.33155
1219.275	1.33739
1219.3	1.55508
1219.325	1.56922
1219.35	1.5748
1219.375	2.01028
1219.4	2.03462
1219.425	2.04201
1219.45	2.04825
1219.475	2.05402
1219.5	2.27829
1219.525	2.29338
1219.55	2.29972
1219.575	2.30537
1219.6	2.31068
1219.625	2.31571
1219.65	2.3205
1219.675	2.32507
1219.7	2.32945
1219.725	2.33368
1219.75	2.33776
1219.775	2.56593
1219.8	2.57991
1219.825	2.58515
1219.85	2.58986
1219.875	2.59438
1219.9	2.82519
1219.925	2.83972
1219.95	2.8454
1219.975	2.85053
1220	3.0837
1220.025	3.09888
1220.05	3.10511
1220.075	2.88119
1220.1	2.87617
1220.125	2.8798
1220.15	2.88372
1220.175	2.88761
1220.2	2.89146
1220.225	2.89526
1220.25	2.89904
1220.275	2.90278
1220.3	2.90649
1220.325	2.91016
1220.35	2.91381
1220.375	2.91744
1220.4	3.15452
1220.425	3.16865
1220.45	3.17375
1220.475	2.94384
1220.5	2.93776
1220.525	2.9406
1220.55	2.9438
1220.575	2.94704
1220.6	2.95028
1220.625	2.95353
1220.65	2.95679
1220.675	2.96004
1220.7	2.72659
1220.725	2.71932
1220.75	2.72114
1220.775	2.72341
1220.8	2.48845
1220.825	2.48044
1220.85	2.4816
1220.875	2.00823
1220.9	1.98949
1220.925	1.98905
1220.95	1.98953
1220.975	1.99023
1221	1.99109
1221.025	1.99209
1221.05	1.9932
1221.075	1.75649
1221.1	1.74758
1221.125	1.74787
1221.15	1.74862
1221.175	1.27341
1221.2	1.25433
1221.225	1.25353
1221.25	1.25358
1221.275	1.25379
1221.3	1.25411
1221.325	1.25452
1221.35	0.779238
1221.375	0.760153
1221.4	0.759275
1221.425	0.7592
1221.45	0.284535
1221.475	0.265551
1221.5	0.264686
1221.525	0.0279047
1221.55	0.0185088
1221.575	0.0181343
1221.6	0.0181145
1221.625	-0.453798
1221.65	-0.472071
1221.675	-0.472451
1221.7	-0.707278
1221.725	-0.715994
1221.75	-0.715875
1221.775	-0.715526
1221.8	-0.715267
1221.825	-1.18321
1221.85	-1.20051
1221.875	-1.20019
1221.9	-1.19939
1221.925	-1.19875
1221.95	-1.19828
1221.975	-1.19796
1222	-1.19776
1222.025	-1.19767
1222.05	-1.19768
1222.075	-1.19776
1222.1	-0.964908
1222.125	-0.95628
1222.15	-0.956543
1222.175	-0.957139
1222.2	-0.957737
1222.225	-0.724309
1222.25	-0.715779
1222.275	-0.716139
1222.3	-0.481815
1222.325	-0.473123
1222.35	-0.473353
1222.375	-0.47389
1222.4	-0.238014
1222.425	-0.228964
1222.45	-0.228906
1222.475	0.00841511
1222.5	0.0178737
1222.525	0.0182694
1222.55	0.0183084
1222.575	0.0183317
1222.6	0.49749
1222.625	0.517498
1222.65	0.519153
1222.675	0.761197
1222.7	0.772207
1222.725	0.773901
1222.75	1.26062
1222.775	1.28272
1222.8	1.28606
1222.825	1.77773
1222.85	1.80147
1222.875	1.80617
1222.9	1.80977
1222.925	1.81301
1222.95	2.06335
1222.975	2.077
1223	2.08091
1223.025	2.08415
1223.05	2.08711
1223.075	2.08985
1223.1	2.0924
1223.125	2.3449
1223.15	2.35814
1223.175	2.36164
1223.2	2.36454
1223.225	2.87055
1223.25	2.89554
1223.275	2.90098
1223.3	2.90529
1223.325	2.90923
1223.35	2.91289
1223.375	2.9163
1223.4	2.91949
1223.425	3.17713
1223.45	3.19136
1223.475	3.19563
1223.5	3.19926
1223.525	3.45865
1223.55	3.47337
1223.575	3.47804
1223.6	3.73915
1223.625	3.75452
1223.65	3.75975
1223.675	3.76425
1223.7	3.76845
1223.725	3.7724
1223.75	3.77613
1223.775	3.77967
1223.8	3.78304
1223.825	4.04602
1223.85	4.06086
1223.875	4.06556
1223.9	4.06963
1223.925	4.07347
1223.95	4.07712
1223.975	4.08062
1224	4.08397
1224.025	4.0872
1224.05	4.09033
1224.075	4.09336
1224.1	4.09631
1224.125	4.09919
1224.15	3.83936
1224.175	3.8304
1224.2	3.83151
1224.225	4.09605
1224.25	4.10949
1224.275	4.11286
1224.3	4.11576
1224.325	4.11856
1224.35	4.12129
1224.375	4.12397
1224.4	4.12659
1224.425	4.12917
1224.45	4.13171
1224.475	4.1342
1224.5	4.13667
1224.525	4.1391
1224.55	3.61132
1224.575	3.59025
1224.6	3.58955
1224.625	3.58987
1224.65	3.59042
1224.675	3.59115
1224.7	3.59202
1224.725	3.3279
1224.75	3.31739
1224.775	3.31716
1224.8	3.3175
1224.825	3.053
1224.85	3.04215
1224.875	3.0416
1224.9	3.04164
1224.925	2.77704
1224.95	2.766
1224.975	2.76525
1225	2.76509
1225.025	2.76513
1225.05	2.76532
1225.075	2.76563
1225.1	2.76605
1225.125	2.50187
1225.15	2.49109
1225.175	2.49053
1225.2	2.22606
1225.225	2.21494
1225.25	2.21407
1225.275	2.21376
1225.3	2.21361
1225.325	1.94951
1225.35	1.93845
1225.375	1.93759
1225.4	1.41009
1225.425	1.38808
1225.45	1.38631
1225.475	0.860273
1225.5	0.838461
1225.525	0.836794
1225.55	0.836049
1225.575	0.313103
1225.6	0.292004
1225.625	0.290853
1225.65	0.290531
1225.675	0.290286
1225.7	0.290082
1225.725	0.289914
1225.75	-0.228405
1225.775	-0.24864
1225.8	-0.249176
1225.825	-0.248983
1225.85	-0.763908
1225.875	-0.783144
1225.9	-0.782904
1225.925	-1.29401
1225.95	-1.31184
1225.975	-1.31046
1226	-1.30861
1226.025	-1.81462
1226.05	-1.83104
1226.075	-1.82856
1226.1	-1.82575
1226.125	-2.32627
1226.15	-2.34113
1226.175	-2.3374
1226.2	-2.58304
1226.225	-2.5878
1226.25	-2.58366
1226.275	-3.07515
1226.3	-3.08733
1226.325	-3.08145
1226.35	-3.56645
1226.375	-3.57594
1226.4	-3.56781
1226.425	-3.56004
1226.45	-4.03784
1226.475	-4.0454
1226.5	-4.03573
1226.525	-4.74492
1226.55	-4.75485
1226.575	-4.73933
1226.6	-5.1964
1226.625	-5.19392
1226.65	-5.17573
1226.675	-5.15907
1226.7	-5.60766
1226.725	-5.60393
1226.75	-5.58483
1226.775	-5.56734
1226.8	-6.00694
1226.825	-6.00123
1226.85	-5.9806
1226.875	-6.6333
1226.9	-6.62566
1226.925	-6.59584
1226.95	-7.0073
1226.975	-6.98724
1227	-6.95435
1227.025	-7.35469
1227.05	-7.33092
1227.075	-7.29498
1227.1	-7.89336
1227.125	-7.86515
1227.15	-7.81827
1227.175	-7.77594
1227.2	-8.34876
1227.225	-8.31209
1227.25	-8.2583
1227.275	-8.60527
1227.3	-8.55779
1227.325	-8.50188
1227.35	-8.83638
1227.375	-8.78568
1227.4	-8.72722
1227.425	-9.04869
1227.45	-8.99414
1227.475	-8.9326
1227.5	-9.42068
1227.525	-9.3557
1227.55	-9.27894
1227.575	-9.21041
1227.6	-9.49623
1227.625	-9.42945
1227.65	-9.35798
1227.675	-9.62931
1227.7	-9.55787
1227.725	-9.97021
1227.75	-9.876
1227.775	-9.77541
1227.8	-9.99649
1227.825	-9.89718
1227.85	-9.79855
1227.875	-9.71145
1227.9	-9.92922
1227.925	-9.83927
1227.95	-9.74934
1227.975	-9.66991
1228	-9.8801
1228.025	-9.79433
1228.05	-9.70856
1228.075	-9.90143
1228.1	-9.80857
1228.125	-9.71711
1228.15	-9.89346
1228.175	-9.79447
1228.2	-9.69819
1228.225	-9.8586
1228.25	-9.75424
1228.275	-9.65383
1228.3	-9.79887
1228.325	-9.68976
1228.35	-9.58583
1228.375	-9.49508
1228.4	-9.416
1228.425	-9.5641
1228.45	-9.4702
1228.475	-9.38001
1228.5	-9.50776
1228.525	-9.40363
1228.55	-9.30522
1228.575	-9.31787
1228.6	-9.22533
1228.625	-9.14122
1228.65	-9.06815
1228.675	-9.19074
1228.7	-9.09794
1228.725	-9.01017
1228.75	-8.93406
1228.775	-9.12873
1228.8	-9.01162
1228.825	-8.90041
1228.85	-8.88596
1228.875	-8.78308
1228.9	-8.6915
1228.925	-8.69021
1228.95	-8.60177
1228.975	-8.52262
1229	-8.60155
1229.025	-8.50032
1229.05	-8.40762
1229.075	-8.3283
1229.1	-8.26047
1229.125	-8.27032
1229.15	-8.19888
1229.175	-8.13471
1229.2	-8.20912
1229.225	-8.11779
1229.25	-8.03445
1229.275	-7.96347
1229.3	-8.02288
1229.325	-7.9261
1229.35	-7.83886
1229.375	-7.82113
1229.4	-7.73566
1229.425	-7.6609
1229.45	-7.59761
1229.475	-7.54392
1229.5	-7.60209
1229.525	-7.51702
1229.55	-7.44053
1229.575	-7.42467
1229.6	-7.34698
1229.625	-7.27939
1229.65	-7.31362
1229.675	-7.2182
1229.7	-7.13422
1229.725	-7.06416
1229.75	-7.04738
1229.775	-6.97458
1229.8	-6.91172
1229.825	-6.89856
1229.85	-6.83073
1229.875	-6.77216
1229.9	-6.7232
1229.925	-6.68213
1229.95	-6.6842
1229.975	-6.63129
1230	-6.58507
1230.025	-6.58114
1230.05	-6.52485
1230.075	-6.47611
1230.1	-6.43542
1230.125	-6.46587
1230.15	-6.38927
1230.175	-6.32272
1230.2	-6.29758
1230.225	-6.22836
1230.25	-6.16991
1230.275	-6.12187
1230.3	-6.08219
1230.325	-6.07641
1230.35	-6.02507
1230.375	-5.98114
1230.4	-5.97037
1230.425	-5.91642
1230.45	-5.87062
1230.475	-5.83297
1230.5	-5.80182
1230.525	-5.77584
1230.55	-5.75396
1230.575	-5.73534
1230.6	-5.76502
1230.625	-5.70383
1230.65	-5.6512
1230.675	-5.60841
1230.7	-5.59402
1230.725	-5.54167
1230.75	-5.49783
1230.775	-5.46217
1230.8	-5.43296
1230.825	-5.40881
1230.85	-5.38864
1230.875	-5.37159
1230.9	-5.37548
1230.925	-5.33965
1230.95	-5.30898
1230.975	-5.301
1231	-5.25684
1231.025	-5.21988
1231.05	-5.18988
1231.075	-5.16535
1231.1	-5.16076
1231.125	-5.1207
1231.15	-5.08712
1231.175	-5.0743
1231.2	-5.02889
1231.225	-4.99137
1231.25	-4.96121
1231.275	-4.9498
1231.3	-4.9068
1231.325	-4.87133
1231.35	-4.84287
1231.375	-4.83157
1231.4	-4.78988
1231.425	-4.75561
1231.45	-4.72821
1231.475	-4.70609
1231.5	-4.68802
1231.525	-4.67304
1231.55	-4.66042
1231.575	-4.65989
1231.6	-4.62807
1231.625	-4.60154
1231.65	-4.58018
1231.675	-4.57196
1231.7	-4.53523
1231.725	-4.50515
1231.75	-4.48931
1231.775	-4.44772
1231.8	-4.41416
1231.825	-4.38771
1231.85	-4.36666
1231.875	-4.34968
1231.9	-4.33577
1231.925	-4.32417
1231.95	-4.31432
1231.975	-4.31258
1232	-4.2832
1232.025	-4.25903
1232.05	-4.2398
1232.075	-4.23011
1232.1	-4.19562
1232.125	-4.16779
1232.15	-4.1508
1232.175	-4.1117
1232.2	-4.08063
1232.225	-4.05646
1232.25	-4.03746
1232.275	-4.02228
1232.3	-4.00994
1232.325	-3.99972
1232.35	-3.99107
1232.375	-3.98735
1232.4	-3.95952
1232.425	-3.937
1232.45	-3.92224
1232.475	-3.88694
1232.5	-3.85909
1232.525	-3.83757
1232.55	-3.82074
1232.575	-3.80935
1232.6	-3.77757
1232.625	-3.75247
1232.65	-3.73308
1232.675	-3.7179
1232.7	-3.7058
1232.725	-3.69594
1232.75	-3.68772
1232.775	-3.68183
1232.8	-3.65516
1232.825	-3.63397
1232.85	-3.61794
1232.875	-3.58456
1232.9	-3.55867
1232.925	-3.53896
1232.95	-3.52374
1232.975	-3.51177
1233	-3.50214
1233.025	-3.4942
1233.05	-3.48749
1233.075	-3.48168
1233.1	-3.47652
1233.125	-3.47184
1233.15	-3.46751
1233.175	-3.46298
1233.2	-3.43918
1233.225	-3.42041
1233.25	-3.40598
1233.275	-3.3947
1233.3	-3.38568
1233.325	-3.37828
1233.35	-3.37206
1233.375	-3.36667
1233.4	-3.3619
1233.425	-3.35757
1233.45	-3.35357
1233.475	-3.34981
1233.5	-3.34622
1233.525	-3.34277
1233.55	-3.33942
1233.575	-3.33497
1233.6	-3.31228
1233.625	-3.29452
1233.65	-3.28096
1233.675	-3.26861
1233.7	-3.2409
1233.725	-3.2197
1233.75	-3.20379
1233.775	-3.18918
1233.8	-3.16058
1233.825	-3.1389
1233.85	-3.12274
1233.875	-3.11049
1233.9	-3.101
1233.925	-3.09345
1233.95	-3.08728
1233.975	-3.08208
1234	-3.07757
1234.025	-3.07355
1234.05	-3.06988
1234.075	-3.06647
1234.1	-3.06325
1234.125	-3.06016
1234.15	-3.05717
1234.175	-3.05426
1234.2	-3.05141
1234.225	-3.04861
1234.25	-3.04584
1234.275	-3.04311
1234.3	-3.04041
1234.325	-3.03773
1234.35	-3.03507
1234.375	-3.03243
1234.4	-3.02675
1234.425	-3.00572
1234.45	-2.98961
1234.475	-2.97755
1234.5	-2.96835
1234.525	-2.96116
1234.55	-2.95537
1234.575	-2.95057
1234.6	-2.94645
1234.625	-2.93922
1234.65	-2.91779
1234.675	-2.90155
1234.7	-2.88949
1234.725	-2.88037
1234.75	-2.87328
1234.775	-2.86761
1234.8	-2.86294
1234.825	-2.85895
1234.85	-2.85546
1234.875	-2.8523
1234.9	-2.84939
1234.925	-2.84252
1234.95	-2.82212
1234.975	-2.80675
1235	-2.79539
1235.025	-2.78684
1235.05	-2.78023
1235.075	-2.77495
1235.1	-2.7706
1235.125	-2.76227
1235.15	-2.74151
1235.175	-2.72601
1235.2	-2.71466
1235.225	-2.70618
1235.25	-2.69966
1235.275	-2.6945
1235.3	-2.69026
1235.325	-2.68667
1235.35	-2.68352
1235.375	-2.68068
1235.4	-2.67806
1235.425	-2.67559
1235.45	-2.67324
1235.475	-2.67096
1235.5	-2.66874
1235.525	-2.6615
1235.55	-2.64228
1235.575	-2.628
1235.6	-2.61761
1235.625	-2.60988
1235.65	-2.60396
1235.675	-2.59928
1235.7	-2.59544
1235.725	-2.59219
1235.75	-2.58933
1235.775	-2.58675
1235.8	-2.58436
1235.825	-2.58211
1235.85	-2.57447
1235.875	-2.55566
1235.9	-2.5418
1235.925	-2.53179
1235.95	-2.52439
1235.975	-2.51876
1236	-2.51434
1236.025	-2.51073
1236.05	-2.50767
1236.075	-2.50499
1236.1	-2.50258
1236.125	-2.50034
1236.15	-2.49822
1236.175	-2.4962
1236.2	-2.49424
1236.225	-2.49233
1236.25	-2.49045
1236.275	-2.4886
1236.3	-2.48677
1236.325	-2.48496
1236.35	-2.48317
1236.375	-2.48139
1236.4	-2.47962
1236.425	-2.47786
1236.45	-2.47612
1236.475	-2.47439
1236.5	-2.46685
1236.525	-2.44891
1236.55	-2.43582
1236.575	-2.42026
1236.6	-2.39734
1236.625	-2.38104
1236.65	-2.36958
1236.675	-2.3548
1236.7	-2.33294
1236.725	-2.31745
1236.75	-2.30661
1236.775	-2.29887
1236.8	-2.29316
1236.825	-2.28882
1236.85	-2.28538
1236.875	-2.28253
1236.9	-2.28009
1236.925	-2.27792
1236.95	-2.27593
1236.975	-2.27406
1237	-2.27229
1237.025	-2.27057
1237.05	-2.2689
1237.075	-2.26726
1237.1	-2.26565
1237.125	-2.26406
1237.15	-2.26248
1237.175	-2.26092
1237.2	-2.25938
1237.225	-2.251
1237.25	-2.23415
1237.275	-2.22215
1237.3	-2.21373
1237.325	-2.20769
1237.35	-2.20321
1237.375	-2.19976
1237.4	-2.19698
1237.425	-2.19465
1237.45	-2.19261
1237.475	-2.19077
1237.5	-2.19587
1237.525	-2.20924
1237.55	-2.21803
1237.575	-2.22338
1237.6	-2.22645
1237.625	-2.22802
1237.65	-2.2286
1237.675	-2.22852
1237.7	-2.22125
1237.725	-2.20534
1237.75	-2.19401
1237.775	-2.1861
1237.8	-2.18044
1237.825	-2.17626
1237.85	-2.17305
1237.875	-2.17049
1237.9	-2.16834
1237.925	-2.16648
1237.95	-2.1648
1237.975	-2.16325
1238	-2.16178
1238.025	-2.15333
1238.05	-2.13713
1238.075	-2.12573
1238.1	-2.11784
1238.125	-2.11224
1238.15	-2.10814
1238.175	-2.10502
1238.2	-2.10254
1238.225	-2.10749
1238.25	-2.12024
1238.275	-2.12857
1238.3	-2.12664
1238.325	-2.11488
1238.35	-2.1064
1238.375	-2.10043
1238.4	-2.09612
1238.425	-2.09289
1238.45	-2.09036
1238.475	-2.08829
1238.5	-2.08653
1238.525	-2.08496
1238.55	-2.08352
1238.575	-2.08217
1238.6	-2.08089
1238.625	-2.07964
1238.65	-2.07842
1238.675	-2.07723
1238.7	-2.07605
1238.725	-2.07488
1238.75	-2.07372
1238.775	-2.07257
1238.8	-2.07143
1238.825	-2.0703
1238.85	-2.06918
1238.875	-2.06806
1238.9	-2.06694
1238.925	-2.06584
1238.95	-2.06473
1238.975	-2.06364
1239	-2.06255
1239.025	-2.05426
1239.05	-2.03888
1239.075	-2.02818
1239.1	-2.02087
1239.125	-2.01576
1239.15	-2.01207
1239.175	-2.0093
1239.2	-2.00713
1239.225	-2.00535
1239.25	-1.99635
1239.275	-1.98095
1239.3	-1.97033
1239.325	-1.96312
1239.35	-1.95811
1239.375	-1.95451
1239.4	-1.95182
1239.425	-1.94971
1239.45	-1.94798
1239.475	-1.94649
1239.5	-1.94516
1239.525	-1.94394
1239.55	-1.94278
1239.575	-1.94168
1239.6	-1.9406
1239.625	-1.93955
1239.65	-1.93852
1239.675	-1.9375
1239.7	-1.93649
1239.725	-1.93549
1239.75	-1.9345
1239.775	-1.93352
1239.8	-1.93254
1239.825	-1.93157
1239.85	-1.93061
1239.875	-1.92201
1239.9	-1.9074
1239.925	-1.89742
1239.95	-1.89071
1239.975	-1.88609
1240	-1.8828
1240.025	-1.88036
1240.05	-1.87846
1240.075	-1.8769
1240.1	-1.87557
1240.125	-1.87438
1240.15	-1.87329
1240.175	-1.87225
1240.2	-1.87126
1240.225	-1.87029
1240.25	-1.86935
1240.275	-1.86842
1240.3	-1.8675
1240.325	-1.86659
1240.35	-1.86569
1240.375	-1.8648
1240.4	-1.86391
1240.425	-1.86303
1240.45	-1.86215
1240.475	-1.86128
1240.5	-1.86041
1240.525	-1.85955
1250	0
1250.025	0
1250.05	0
1250.075	0
1250.1	0
1250.125	0
1250.15	0
1250.175	0
1250.2	0
1250.225	0
1250.25	0
1250.275	0
1250.3	0
1250.325	0
1250.35	0
1250.375	0
1250.4	0
1250.425	0
1250.45	0
1250.475	0
1250.5	0
1250.525	0
1250.55	0
1250.575	0
1250.6	0
1250.625	0
1250.65	0
1250.675	0
1250.7	0
1250.725	0
1250.75	0
1250.775	0
1250.8	0
1250.825	0
1250.85	0
1250.875	0
1250.9	0
1250.925	0
1250.95	0
1250.975	0
1251	0
1251.025	0
1251.05	0
1251.075	0
1251.1	0
1251.125	0
1251.15	0
1251.175	0
1251.2	0
1251.225	0
1251.25	0
1251.275	0
1251.3	0
1251.325	0
1251.35	0
1251.375	0
1251.4	0
1251.425	0
1251.45	0
1251.475	0
1251.5	0
1251.525	0
1251.55	0
1251.575	-9.65E-06
1251.6	-9.50E-05
1251.625	-0.000411999
1251.65	-0.00120343
1251.675	-0.00276605
1251.7	-0.00540451
1251.725	-0.00938844
1251.75	-0.0149204
1251.775	-0.0221176
1251.8	-0.0310105
1251.825	-0.0415501
1251.85	-0.0536225
1251.875	-0.0670611
1251.9	-0.0816712
1251.925	-0.0972387
1251.95	-0.11355
1251.975	-0.130394
1252	-0.14758
1252.025	-0.16416
1252.05	-0.180368
1252.075	-0.19676
1252.1	-0.213127
1252.125	-0.229289
1252.15	-0.245137
1252.175	-0.2606
1252.2	-0.27561
1252.225	-0.290143
1252.25	-0.304175
1252.275	-0.317709
1252.3	-0.330739
1252.325	-0.343273
1252.35	-0.355332
1252.375	-0.366943
1252.4	-0.378108
1252.425	-0.388858
1252.45	-0.399228
1252.475	-0.409213
1252.5	-0.418849
1252.525	-0.428147
1252.55	-0.437143
1252.575	-0.445846
1252.6	-0.454277
1252.625	-0.462464
1252.65	-0.470438
1252.675	-0.478193
1252.7	-0.485756
1252.725	-0.49316
1252.75	-0.500382
1252.775	-0.50745
1252.8	-0.514364
1252.825	-0.521151
1252.85	-0.527807
1252.875	-0.534341
1252.9	-0.540772
1252.925	-0.547125
1252.95	-0.553376
1252.975	-0.559547
1253	-0.565664
1253.025	-0.571688
1253.05	-0.577643
1253.075	-0.583519
1253.1	-0.589338
1253.125	-0.595088
1253.15	-0.600771
1253.175	-0.606405
1253.2	-0.61201
1253.225	-0.617552
1253.25	-0.623054
1253.275	-0.628539
1253.3	-0.633958
1253.325	-0.639337
1253.35	-0.644658
1253.375	-0.649946
1253.4	-0.655182
1253.425	-0.660368
1253.45	-0.665521
1253.475	-0.670661
1253.5	-0.675749
1253.525	-0.680808
1253.55	-0.685864
1253.575	-0.690859
1253.6	-0.695822
1253.625	-0.700733
1253.65	-0.705617
1253.675	-0.710454
1253.7	-0.715244
1253.725	-0.720006
1253.75	-0.724762
1253.775	-0.729469
1253.8	-0.734151
1253.825	-0.738835
1253.85	-0.743457
1253.875	-0.748049
1253.9	-0.752591
1253.925	-0.757109
1253.95	-0.76158
1253.975	-0.766006
1254	-0.770406
1254.025	-0.774804
1254.05	-0.779153
1254.075	-0.78348
1254.1	-0.787812
1254.125	-0.792083
1254.15	-0.796325
1254.175	-0.800516
1254.2	-0.804687
1254.225	-0.808811
1254.25	-0.81289
1254.275	-0.816945
1254.3	-0.821002
1254.325	-0.82501
1254.35	-0.828999
1254.375	-0.832996
1254.4	-0.836931
1254.425	-0.84084
1254.45	-0.844698
1254.475	-0.848538
1254.5	-0.852331
1254.525	-0.856081
1254.55	-0.859809
1254.575	-0.863541
1254.6	-0.867226
1254.625	-0.870894
1254.65	-0.874574
1254.675	-0.878192
1254.7	-0.881786
1254.725	-0.885329
1254.75	-0.888857
1254.775	-0.892338
1254.8	-0.895778
1254.825	-0.899197
1254.85	-0.902625
1254.875	-0.906006
1254.9	-0.909372
1254.925	-0.912755
1254.95	-0.916059
1254.975	-0.919339
1255	-0.922639
1255.025	-0.925942
1255.05	-0.929108
1255.075	-0.932237
1255.1	-0.941105
1255.125	-0.951052
1255.15	-0.958249
1255.175	-0.963745
1255.2	-0.968286
1255.225	-0.972205
1255.25	-0.975779
1255.275	-0.979118
1255.3	-0.982337
1255.325	-0.98545
1255.35	-0.988518
1255.375	-0.991524
1255.4	-0.994511
1255.425	-0.997448
1255.45	-1.00037
1255.475	-1.00332
1255.5	-1.00621
1255.525	-1.00907
1255.55	-1.01189
1255.575	-1.01469
1255.6	-1.01746
1255.625	-1.02021
1255.65	-1.02293
1255.675	-1.02564
1255.7	-1.02831
1255.725	-1.03097
1255.75	-1.03366
1255.775	-1.0363
1255.8	-1.03891
1255.825	-1.04148
1255.85	-1.04404
1255.875	-1.04656
1255.9	-1.04907
1255.925	-1.05154
1255.95	-1.05401
1255.975	-1.05644
1256	-1.05887
1256.025	-1.06133
1256.05	-1.06373
1256.075	-1.06612
1256.1	-1.06846
1256.125	-1.07079
1256.15	-1.07308
1256.175	-1.07537
1256.2	-1.07762
1256.225	-1.07987
1256.25	-1.08208
1256.275	-1.08429
1256.3	-1.08647
1256.325	-1.08864
1256.35	-1.09085
1256.375	-1.09299
1256.4	-1.09513
1256.425	-1.09722
1256.45	-1.09931
1256.475	-1.10136
1256.5	-1.1034
1256.525	-1.10541
1256.55	-1.10742
1256.575	-1.10939
1256.6	-1.11137
1256.625	-1.11338
1256.65	-1.11533
1256.675	-1.11727
1256.7	-1.11917
1256.725	-1.12107
1256.75	-1.12293
1256.775	-1.12478
1256.8	-1.1266
1256.825	-1.12843
1256.85	-1.13021
1256.875	-1.132
1256.9	-1.13383
1256.925	-1.1356
1256.95	-1.13737
1256.975	-1.13909
1257	-1.14081
1257.025	-1.14248
1257.05	-1.14417
1257.075	-1.14581
1257.1	-1.14746
1257.125	-1.14908
1257.15	-1.1507
1257.175	-1.15236
1257.2	-1.15397
1257.225	-1.15556
1257.25	-1.15712
1257.275	-1.15867
1257.3	-1.16019
1257.325	-1.16171
1257.35	-1.16319
1257.375	-1.16468
1257.4	-1.16613
1257.425	-1.1676
1257.45	-1.1691
1257.475	-1.17055
1257.5	-1.172
1257.525	-1.1734
1257.55	-1.1748
1257.575	-1.17616
1257.6	-1.17753
1257.625	-1.17887
1257.65	-1.18021
1257.675	-1.18152
1257.7	-1.18283
1257.725	-1.1842
1257.75	-1.1855
1257.775	-1.1868
1257.8	-1.18806
1257.825	-1.18932
1257.85	-1.19055
1257.875	-1.19178
1257.9	-1.19297
1257.925	-1.19418
1257.95	-1.19535
1257.975	-1.19653
1258	-1.19776
1258.025	-1.19894
1258.05	-1.20011
1258.075	-1.20123
1258.1	-1.20236
1258.125	-1.20345
1258.15	-1.20456
1258.175	-1.20563
1258.2	-1.20671
1258.225	-1.20775
1258.25	-1.20881
1258.275	-1.20991
1258.3	-1.21096
1258.325	-1.21201
1258.35	-1.21302
1258.375	-1.21403
1258.4	-1.215
1258.425	-1.21598
1258.45	-1.21693
1258.475	-1.2179
1258.5	-1.21882
1258.525	-1.21977
1258.55	-1.22076
1258.575	-1.2217
1258.6	-1.22263
1258.625	-1.22352
1258.65	-1.22442
1258.675	-1.22528
1258.7	-1.22616
1258.725	-1.227
1258.75	-1.22785
1258.775	-1.22868
1258.8	-1.22951
1258.825	-1.2304
1258.85	-1.23123
1258.875	-1.23206
1258.9	-1.23285
1258.925	-1.23364
1258.95	-1.2344
1258.975	-1.23518
1259	-1.23592
1259.025	-1.23667
1259.05	-1.23739
1259.075	-1.23813
1259.1	-1.23892
1259.125	-1.23966
1259.15	-1.24039
1259.175	-1.24108
1259.2	-1.24178
1259.225	-1.24245
1259.25	-1.24313
1259.275	-1.24377
1259.3	-1.24444
1259.325	-1.24507
1259.35	-1.24571
1259.375	-1.24642
1259.4	-1.24706
1259.425	-1.2477
1259.45	-1.24831
1259.475	-1.24892
1259.5	-1.2495
1259.525	-1.25009
1259.55	-1.25065
1259.575	-1.25123
1259.6	-1.25177
1259.625	-1.25234
1259.65	-1.25296
1259.675	-1.25352
1259.7	-1.25408
1259.725	-1.2546
1259.75	-1.25513
1259.775	-1.25563
1259.8	-1.25615
1259.825	-1.25663
1259.85	-1.25712
1259.875	-1.25759
1259.9	-1.25808
1259.925	-1.25862
1259.95	-1.25911
1259.975	-1.25959
1260	-1.26004
1260.025	-1.2605
1260.05	-1.26092
1260.075	-1.26136
1260.1	-1.26177
1260.125	-1.2622
1260.15	-1.26259
1260.175	-1.26301
1260.2	-1.26348
1260.225	-1.26389
1260.25	-1.26431
1260.275	-1.26468
1260.3	-1.26507
1260.325	-1.26543
1260.35	-1.2658
1260.375	-1.26614
1260.4	-1.26651
1260.425	-1.26683
1260.45	-1.26718
1260.475	-1.26759
1260.5	-1.26794
1260.525	-1.26829
1260.55	-1.2686
1260.575	-1.26893
1260.6	-1.26922
1260.625	-1.26953
1260.65	-1.26981
1260.675	-1.27011
1260.7	-1.27038
1260.725	-1.27067
1260.75	-1.27101
1260.775	-1.2713
1260.8	-1.2716
1260.825	-1.27185
1260.85	-1.27212
1260.875	-1.27235
1260.9	-1.27261
1260.925	-1.27283
1260.95	-1.27307
1260.975	-1.27328
1261	-1.27352
1261.025	-1.27381
1261.05	-1.27404
1261.075	-1.27428
1261.1	-1.27448
1261.125	-1.29099
1261.15	-1.31025
1261.175	-1.35314
1261.2	-1.44808
1261.225	-1.60979
1261.25	-1.82215
1261.275	-2.03447
1261.3	-2.26828
1261.325	-2.48185
1261.35	-2.57612
1261.375	-2.54216
1261.4	-2.07832
1261.425	-1.20584
1261.45	-0.652938
1261.475	0.899725
1261.5	3.97037
1261.525	6.01996
1261.55	8.65536
1261.575	10.5459
1261.6	12.3006
1261.625	14.7971
1261.65	16.617
1261.675	17.2523
1261.7	19.2096
1261.725	20.2148
1261.75	20.6174
1261.775	21.107
1261.8	21.3886
1261.825	21.4502
1261.85	21.117
1261.875	21.2771
1261.9	20.9005
1261.925	20.482
1261.95	20.5951
1261.975	19.9866
1262	19.5181
1262.025	19.0441
1262.05	18.3717
1262.075	17.8663
1262.1	17.3593
1262.125	16.6551
1262.15	15.932
1262.175	15.3895
1262.2	14.656
1262.225	14.0984
1262.25	13.3495
1262.275	12.778
1262.3	12.0149
1262.325	11.4304
1262.35	10.6548
1262.375	9.27925
1262.4	8.4559
1262.425	7.65119
1262.45	7.03866
1262.475	6.43212
1262.5	5.62998
1262.525	4.03927
1262.55	3.3886
1262.575	2.58341
1262.6	1.77593
1262.625	1.16383
1262.65	0.373401
1262.675	-0.982877
1262.7	-1.03052
1262.725	-1.77207
1262.75	-2.34433
1262.775	-3.62541
1262.8	-4.35768
1262.825	-5.04362
1262.85	-5.5294
1262.875	-5.98788
1262.9	-6.58831
1262.925	-6.99758
1262.95	-7.52965
1262.975	-8.0215
1263	-8.31853
1263.025	-8.71535
1263.05	-8.92681
1263.075	-9.22319
1263.1	-9.3391
1263.125	-9.52446
1263.15	-9.53731
1263.175	-9.60466
1263.2	-9.51102
1263.225	-9.45942
1263.25	-9.02796
1263.275	-8.87276
1263.3	-8.94882
1263.325	-8.44749
1263.35	-8.17303
1263.375	-7.88071
1263.4	-7.44209
1263.425	-7.19469
1263.45	-6.92615
1263.475	-6.63358
1263.5	-6.25012
1263.525	-5.98752
1263.55	-5.69626
1263.575	-5.51905
1263.6	-5.31201
1263.625	-5.04348
1263.65	-4.84516
1263.675	-4.66229
1263.7	-4.53927
1263.725	-4.40297
1263.75	-4.24435
1263.775	-4.13296
1263.8	-4.00047
1263.825	-3.90009
1263.85	-3.82495
1263.875	-3.77391
1263.9	-3.69235
1263.925	-3.63036
1263.95	-3.58403
1263.975	-3.55127
1264	-3.48714
1264.025	-3.43845
1264.05	-3.38368
1264.075	-3.3429
1264.1	-3.31266
1264.125	-3.2902
1264.15	-3.27316
1264.175	-3.25923
1264.2	-3.23092
1264.225	-3.20937
1264.25	-3.19171
1264.275	-3.16142
1264.3	-3.13861
1264.325	-3.1216
1264.35	-3.10888
1264.375	-3.09905
1264.4	-3.09144
1264.425	-3.08527
1264.45	-3.07804
1264.475	-3.05616
1264.5	-3.03676
1264.525	-3.0067
1264.55	-2.98443
1264.575	-2.96808
1264.6	-2.95603
1264.625	-2.94685
1264.65	-2.93986
1264.675	-2.93438
1264.7	-2.92982
1264.725	-2.92605
1264.75	-2.92271
1264.775	-2.9198
1264.8	-2.91708
1264.825	-2.91461
1264.85	-2.91221
1264.875	-2.90998
1264.9	-2.90776
1264.925	-2.9057
1264.95	-2.90374
1264.975	-2.90171
1265	-2.89977
1265.025	-2.89777
1265.05	-2.89586
1265.075	-2.89389
1265.1	-2.89201
1265.125	-2.89006
1265.15	-2.8882
1265.175	-2.88628
1265.2	-2.88448
1265.225	-2.88273
1265.25	-2.8809
1265.275	-2.87913
1265.3	-2.87729
1265.325	-2.87552
1265.35	-2.87369
1265.375	-2.87193
1265.4	-2.87011
1265.425	-2.86836
1265.45	-2.86655
1265.475	-2.86485
1265.5	-2.8632
1265.525	-2.86147
1265.55	-2.85979
1265.575	-2.85804
1265.6	-2.85636
1265.625	-2.85462
1265.65	-2.85294
1265.675	-2.8512
1265.7	-2.84954
1265.725	-2.84781
1265.75	-2.84618
1265.775	-2.84461
1265.8	-2.84295
1265.825	-2.84135
1265.85	-2.83968
1265.875	-2.83807
1265.9	-2.83639
1265.925	-2.83479
1265.95	-2.83312
1265.975	-2.83152
1266	-2.82985
1266.025	-2.8283
1266.05	-2.82679
1266.075	-2.8252
1266.1	-2.82366
1266.125	-2.82205
1266.15	-2.82051
1266.175	-2.8189
1266.2	-2.81735
1266.225	-2.81574
1266.25	-2.81421
1266.275	-2.8126
1266.3	-2.81107
1266.325	-2.80948
1266.35	-2.80799
1266.375	-2.80655
1266.4	-2.80503
1266.425	-2.80357
1266.45	-2.80202
1266.475	-2.80055
1266.5	-2.799
1266.525	-2.79752
1266.55	-2.79598
1266.575	-2.79451
1266.6	-2.79297
1266.625	-2.79154
1266.65	-2.79016
1266.675	-2.78869
1266.7	-2.78728
1266.725	-2.7858
1266.75	-2.78437
1266.775	-2.78288
1266.8	-2.78146
1266.825	-2.77997
1266.85	-2.77855
1266.875	-2.77707
1266.9	-2.77569
1266.925	-2.77436
1266.95	-2.77294
1266.975	-2.77158
1267	-2.77015
1267.025	-2.76878
1267.05	-2.76734
1267.075	-2.76596
1267.1	-2.76452
1267.125	-2.76315
1267.15	-2.76172
1267.175	-2.76039
1267.2	-2.75911
1267.225	-2.75775
1267.25	-2.75643
1267.275	-2.75505
1267.3	-2.75372
1267.325	-2.75233
1267.35	-2.75101
1267.375	-2.74961
1267.4	-2.74829
1267.425	-2.74691
1267.45	-2.74563
1267.475	-2.7444
1267.5	-2.74308
1267.525	-2.74181
1267.55	-2.74047
1267.575	-2.73919
1267.6	-2.73784
1267.625	-2.73656
1267.65	-2.73521
1267.675	-2.73394
1267.7	-2.7326
1267.725	-2.73137
1267.75	-2.73017
1267.775	-2.7289
1267.8	-2.72767
1267.825	-2.72638
1267.85	-2.72514
1267.875	-2.72384
1267.9	-2.7226
1267.925	-2.7213
1267.95	-2.72006
1267.975	-2.71877
1268	-2.71757
1268.025	-2.71642
1268.05	-2.71519
1268.075	-2.71401
1268.1	-2.71275
1268.125	-2.71155
1268.15	-2.71029
1268.175	-2.70909
1268.2	-2.70783
1268.225	-2.70664
1268.25	-2.70538
1268.275	-2.70423
1268.3	-2.70312
1268.325	-2.70193
1268.35	-2.70078
1268.375	-2.69957
1268.4	-2.69841
1268.425	-2.69719
1268.45	-2.69603
1268.475	-2.6948
1268.5	-2.69365
1268.525	-2.69243
1268.55	-2.69132
1268.575	-2.69024
1268.6	-2.68909
1268.625	-2.68798
1268.65	-2.6868
1268.675	-2.68568
1268.7	-2.68449
1268.725	-2.68337
1268.75	-2.68219
1268.775	-2.68107
1268.8	-2.67989
1268.825	-2.67881
1268.85	-2.67777
1268.875	-2.67665
1268.9	-2.67558
1268.925	-2.67443
1268.95	-2.67335
1268.975	-2.6722
1269	-2.67111
1269.025	-2.66996
1269.05	-2.66888
1269.075	-2.66773
1269.1	-2.66669
1269.125	-2.66568
1269.15	-2.66459
1269.175	-2.66355
1269.2	-2.66244
1269.225	-2.66139
1269.25	-2.66027
1269.275	-2.65922
1269.3	-2.65811
1269.325	-2.65705
1269.35	-2.65594
1269.375	-2.65493
1269.4	-2.65395
1269.425	-2.6529
1269.45	-2.65189
1269.475	-2.65081
1269.5	-2.64979
1269.525	-2.64871
1269.55	-2.64768
1269.575	-2.6466
1269.6	-2.64558
1269.625	-2.6445
1269.65	-2.64352
1269.675	-2.64257
1269.7	-2.64155
1269.725	-2.64057
1269.75	-2.63952
1269.775	-2.63853
1269.8	-2.63748
1269.825	-2.63648
1269.85	-2.63543
1269.875	-2.63444
1269.9	-2.63339
1269.925	-2.63243
1269.95	-2.63152
1269.975	-2.63052
1270	-2.62957
1270.025	-2.62856
1270.05	-2.62759
1270.075	-2.62657
1270.1	-2.6256
1270.125	-2.62458
1270.15	-2.62361
1270.175	-2.62259
1270.2	-2.61799
1270.225	-2.60134
1270.25	-2.58908
1270.275	-2.58023
1270.3	-2.57385
1270.325	-2.56908
1270.35	-2.56556
1270.375	-2.56286
1270.4	-2.56063
1270.425	-2.56254
1270.45	-2.57631
1270.475	-2.58244
1270.5	-2.57342
1270.525	-2.56235
1270.55	-2.54169
1270.575	-2.52675
1270.6	-2.51613
1270.625	-2.50856
1270.65	-2.503
1270.675	-2.4989
1270.7	-2.49572
1270.725	-2.49325
1270.75	-2.49119
1270.775	-2.48955
1270.8	-2.48814
1270.825	-2.48682
1270.85	-2.48563
