0
510
647.175
652.743
745.74
751.352
845.027
850.629
944.315
950.179
1044.6659
1049.6795
1200
1200.13369
1200.240642
1200.347594
1200.454545
1200.561497
1200.668449
1200.775401
1200.882353
1200.989305
1201.09626
1201.20321
1201.31016
1201.41711
1201.52406
1201.63102
1201.73797
1201.84492
1201.95187
1202.05882
1202.16578
1202.27273
1202.37968
1202.48663
1202.59358
1202.70053
1202.80749
1202.8877
1202.99465
1203.1016
1203.20856
1203.31551
1203.42246
1203.52941
1203.63636
1203.74332
1203.85027
1203.93048
1204.03743
1204.11765
1204.2246
1204.33155
1204.4385
1204.54545
1204.65241
1204.75936
1204.86631
1205
1205.10695
1205.24064
1205.34759
1205.45455
1205.5615
1205.66845
1205.7754
1205.88235
1205.9893
1206.09626
1206.20321
1206.31016
1206.41711
1206.49733
1206.60428
1206.71123
1206.81818
1206.92513
1207.03209
1207.13904
1207.24599
1207.35294
1207.45989
1207.54011
1207.64706
1207.75401
1207.86096
1207.96791
1208.07487
1208.18182
1208.28877
1208.39572
1208.50267
1208.60963
1208.71658
1208.79679
1208.90374
1209.0107
1209.11765
1209.2246
1209.33155
1209.4385
1209.54545
1209.65241
1209.75936
1209.86631
1209.97326
1210.0802
1210.1872
1210.2941
1210.4011
1210.508
1210.615
1210.7219
1210.8289
1210.9358
1211.0428
1211.123
1211.2299
1211.3369
1211.4439
1211.5508
1211.631
1211.738
1211.8449
1211.9519
1212.0588
1212.1658
1212.2727
1212.3797
1212.4599
1212.5401
1212.6203
1212.6471
1212.7005
1212.754
1212.8075
1212.8342
1212.861
1212.8877
1212.9144
1212.9412
1212.9679
1212.9947
1213.0214
1213.0481
1213.0481
1213.0749
1213.1016
1213.1283
1213.1551
1213.1818
1213.2086
1213.2353
1213.262
1213.3155
1213.369
1213.3957
1213.4492
1213.5294
1213.6096
1213.6898
1213.7701
1213.8503
1213.9037
1214.0107
1214.0909
1214.1444
1214.2513
1214.3316
1214.4118
1214.492
1214.5722
1214.6524
1214.7059
1214.8128
1214.893
1214.9733
1215.0802
1215.1604
1215.2406
1215.3476
1215.4278
1215.5348
1215.615
1215.7219
1215.8021
1215.9091
1215.9893
1216.0963
1216.2032
1216.2834
1216.3904
1216.4706
1216.5775
1216.6578
1216.7647
1216.8717
1216.9519
1217.0053
1217.0856
1217.139
1217.2193
1217.2727
1217.3262
1217.3797
1217.4332
1217.4866
1217.5668
1217.6203
1217.7005
1217.754
1217.8075
1217.8877
1217.9679
1218.0481
1218.1283
1218.2086
1218.2888
1218.369
1218.4492
1218.5294
1218.6096
1218.6898
1218.7701
1218.8503
1218.9305
1218.984
1219.0909
1219.1711
1219.2513
1219.3316
1219.4385
1219.5455
1219.6524
1219.7326
1219.8396
1219.9465
1220.0267
1220.1337
1220.2406
1220.3476
1220.4278
1220.5348
1220.6417
1220.7487
1220.8289
1220.9358
1221.016
1221.123
1221.2032
1221.3102
1221.3904
1221.4706
1221.5775
1221.6578
1221.7647
1221.8449
1221.9519
1222.0588
1222.1658
1222.246
1222.3529
1222.4332
1222.5401
1222.6203
1222.7005
1222.7807
1222.8877
1222.9947
1223.0749
1223.1818
1223.2888
1223.369
1223.4759
1223.5561
1223.6631
1223.7701
1223.877
1223.984
1224.0909
1224.1711
1224.2781
1224.385
1224.492
1224.5722
1224.6791
1224.7861
1224.8663
1224.9733
1225.0802
1225.1604
1225.2674
1225.3476
1225.4278
1225.5348
1225.615
1225.6952
1225.8021
1225.8824
1225.9626
1226.0695
1226.1497
1226.2299
1226.3102
1226.3904
1226.4706
1226.5508
1226.6578
1226.738
1226.8182
1226.8984
1226.9786
1227.0588
1227.139
1227.2193
1227.2995
1227.3797
1227.4599
1227.5401
1227.6203
1227.6738
1227.754
1227.861
1227.9412
1228.0214
1228.1016
1228.1818
1228.262
1228.369
1228.4492
1228.5294
1228.6364
1228.7166
1228.7968
1228.877
1228.9572
1229.0642
1229.1444
1229.2513
1229.3316
1229.4385
1229.5187
1229.5989
1229.7059
1229.7861
1229.893
1229.9733
1230.0802
1230.1604
1230.2674
1230.3476
1230.4545
1230.5615
1230.6417
1230.7487
1230.8556
1230.9358
1231.0428
1231.123
1231.2299
1231.3369
1231.4439
1231.5241
1231.631
1231.7112
1231.8182
1231.9251
1232.0321
1232.1123
1232.2193
1232.3262
1232.4064
1232.5134
1232.6203
1232.7273
1232.8075
1232.9144
1233.0214
1233.1283
1233.2353
1233.3422
1233.4492
1233.5294
1233.6364
1233.7166
1233.8235
1233.9305
1234.0374
1234.1444
1234.2513
1234.3583
1234.4652
1234.5722
1234.6791
1234.7594
1234.8663
1234.9733
1235.0802
1235.1872
1235.2941
1235.4011
1235.4813
1235.5882
1235.6952
1235.8021
1235.9091
1236.016
1236.123
1236.2299
1236.3369
1236.4439
1236.5241
1236.631
1236.738
1236.8449
1236.9519
1237.0588
1237.1658
1237.246
1237.3529
1237.4599
1237.5668
1237.6471
1237.754
1237.861
1237.9679
1238.0749
1238.1818
1238.262
1238.369
1238.4759
1238.5561
1238.6631
1238.7701
1238.877
1238.984
1239.0909
1239.1979
1239.3048
1239.385
1239.492
1239.5989
1239.7059
1239.8128
1239.893
1240
1240.107
1240.2139
1240.3209
1240.4278
1240.5348
1250
1250.026181
1250.06739
1250.094863
1250.122335
1250.17728
1250.232225
1250.28717
1250.342115
1250.369588
1250.39706
1250.452005
1250.506951
1250.561896
1250.616841
1250.644313
1250.671786
1250.726731
1250.781676
1250.836621
1250.891566
1250.919038
1250.946511
1251.00146
1251.0564
1251.11135
1251.16629
1251.19376
1251.22124
1251.27618
1251.33113
1251.38607
1251.44102
1251.46849
1251.49596
1251.55091
1251.60585
1251.6608
1251.71574
1251.74321
1251.77069
1251.82563
1251.88058
1251.93552
1251.97673
1252.0042
1252.03168
1252.08662
1252.14157
1252.19651
1252.25146
1252.27893
1252.3064
1252.36135
1252.41629
1252.47124
1252.52618
1252.55365
1252.58113
1252.63607
1252.69102
1252.74596
1252.80091
1252.82838
1252.85585
1252.9108
1252.96574
1253.02069
1253.07563
1253.1031
1253.13058
1253.18552
1253.24047
1253.29541
1253.35036
1253.37783
1253.4053
1253.46025
1253.51519
1253.57014
1253.62508
1253.65255
1253.68003
1253.73497
1253.78992
1253.84486
1253.89981
1253.92728
1253.95475
1254.0097
1254.06464
1254.11959
1254.17453
1254.20201
1254.22948
1254.28442
1254.33937
1254.39431
1254.44926
1254.47673
1254.5042
1254.55915
1254.61409
1254.66904
1254.72398
1254.75146
1254.77893
1254.83387
1254.90255
1255.01245
1255.05365
1255.1086
1255.16354
1255.21849
1255.27343
1255.32838
1255.38332
1255.43827
1255.49321
1255.54816
1255.6031
1255.65805
1255.71299
1255.76794
1255.82288
1255.87783
1255.93277
1255.98772
1256.04266
1256.09761
1256.15255
1256.2075
1256.26245
1256.31739
1256.37234
1256.42728
1256.48223
1256.53717
1256.59212
1256.64706
1256.70201
1256.75695
1256.8119
1256.86684
1256.92179
1256.97673
1257.03168
1257.08662
1257.14157
1257.19651
1257.25146
1257.3064
1257.36135
1257.41629
1257.47124
1257.52618
1257.58113
1257.63607
1257.69102
1257.74596
1257.80091
1257.85585
1257.9108
1257.96574
1258.02069
1258.07563
1258.13058
1258.18552
1258.24047
1258.29541
1258.35036
1258.4053
1258.46025
1258.51519
1258.57014
1258.62508
1258.68003
1258.73497
1258.78992
1258.84486
1258.89981
1258.95475
1259.0097
1259.06464
1259.11959
1259.17453
1259.22948
1259.28442
1259.33937
1259.39431
1259.44926
1259.5042
1259.55915
1259.61409
1259.66904
1259.72398
1259.77893
1259.83387
1259.88882
1259.94376
1259.9987
1260.0537
1260.1086
1260.1635
1260.2185
1260.2734
1260.3284
1260.3833
1260.4383
1260.4932
1260.5482
1260.6031
1260.658
1260.713
1260.7679
1260.8229
1260.8778
1260.9328
1260.9877
1261.0427
1261.0839
1261.1251
1261.1388
1261.1526
1261.1663
1261.18
1261.1938
1261.2075
1261.2212
1261.235
1261.2487
1261.2624
1261.2762
1261.2899
1261.3037
1261.3174
1261.3174
1261.3311
1261.3311
1261.3449
1261.3449
1261.3586
1261.3586
1261.3723
1261.3723
1261.3861
1261.3861
1261.3998
1261.4135
1261.4273
1261.441
1261.441
1261.4548
1261.4685
1261.4822
1261.496
1261.5097
1261.5234
1261.5372
1261.5509
1261.5646
1261.5784
1261.5921
1261.6059
1261.6471
1261.6745
1261.6745
1261.7295
1261.7707
1261.7707
1261.8119
1261.8531
1261.8531
1261.8806
1261.9218
1261.9218
1261.9493
1261.963
1261.963
1261.9905
1262.0317
1262.0317
1262.0591
1262.0729
1262.0729
1262.1004
1262.1278
1262.1278
1262.1553
1262.1828
1262.1828
1262.1965
1262.224
1262.224
1262.2377
1262.2789
1262.2789
1262.2927
1262.3201
1262.3201
1262.3339
1262.3613
1262.3613
1262.3751
1262.4026
1262.4026
1262.43
1262.4438
1262.4438
1262.4712
1262.485
1262.485
1262.4987
1262.5262
1262.5262
1262.5399
1262.5674
1262.5674
1262.5949
1262.6223
1262.6223
1262.6361
1262.6635
1262.6635
1262.691
1262.7185
1262.7185
1262.7322
1262.7597
1262.7597
1262.7734
1262.8009
1262.8009
1262.8284
1262.8559
1262.8559
1262.8833
1262.9108
1262.9108
1262.9245
1262.952
1262.952
1262.9657
1262.9932
1262.9932
1263.0207
1263.0482
1263.0482
1263.0756
1263.1031
1263.1031
1263.1168
1263.1443
1263.1443
1263.1718
1263.213
1263.213
1263.2405
1263.2542
1263.2542
1263.2954
1263.3229
1263.3229
1263.3641
1263.3916
1263.3916
1263.4328
1263.474
1263.474
1263.5152
1263.5564
1263.5564
1263.5976
1263.6388
1263.6388
1263.68
1263.735
1263.735
1263.7762
1263.8311
1263.8311
1263.8861
1263.9273
1263.9273
1263.9685
1264.0234
1264.0234
1264.0784
1264.1333
1264.1333
1264.1883
1264.2432
1264.2432
1264.2982
1264.3531
1264.3531
1264.3943
1264.4493
1264.4493
1264.5042
1264.5591
1264.5591
1264.6141
1264.669
1264.669
1264.724
1264.7789
1264.7789
1264.8339
1264.8888
1264.8888
1264.9438
1264.9987
1264.9987
1265.0537
1265.1086
1265.1086
1265.1635
1265.2185
1265.2185
1265.2734
1265.3284
1265.3284
1265.3833
1265.4383
1265.4383
1265.4932
1265.5482
1265.5482
1265.6031
1265.658
1265.6581
1265.713
1265.7679
1265.76791
1265.8229
1265.8778
1265.87781
1265.9328
1265.9877
1265.98771
1266.0427
1266.0976
1266.09761
1266.1526
1266.2075
1266.20751
1266.2624
1266.3174
1266.31741
1266.3723
1266.4273
1266.42731
1266.4822
1266.5372
1266.53721
1266.5921
1266.6471
1266.64711
1266.702
1266.757
1266.7571
1266.8119
1266.8668
1266.86681
1266.9218
1266.9767
1266.97671
1267.0317
1267.0866
1267.08661
1267.1416
1267.1965
1267.19651
1267.2515
1267.3064
1267.30641
1267.3613
1267.4163
1267.41631
1267.4712
1267.5262
1267.52621
1267.5811
1267.6361
1267.63611
1267.691
1267.746
1267.7461
1267.8009
1267.8559
1267.85591
1267.9108
1267.9657
1267.96571
1268.0207
1268.0756
1268.07561
1268.1306
1268.1855
1268.18551
1268.2405
1268.2954
1268.29541
1268.3504
1268.4053
1268.40531
1268.4602
1268.5152
1268.51521
1268.5701
1268.6251
1268.62511
1268.68
1268.735
1268.7351
1268.7899
1268.8449
1268.84491
1268.8998
1268.9548
1268.95481
1269.0097
1269.0646
1269.06461
1269.1196
1269.1745
1269.17451
1269.2295
1269.2844
1269.28441
1269.3394
1269.3943
1269.39431
1269.4493
1269.5042
1269.50421
1269.5591
1269.6141
1269.61411
1269.669
1269.724
1269.7241
1269.7789
1269.8339
1269.83391
1269.8888
1269.9438
1269.94381
1269.9987
1270.0537
1270.05371
1270.1086
1270.1498
1270.14981
1270.2048
1270.2597
1270.25971
1270.3146
1270.3696
1270.36961
1270.4245
1270.4657
1270.46571
1270.5207
1270.5756
1270.57561
1270.6306
1270.6855
1270.68551
1270.7405
1270.7954