40
-80
40
-80
40
-80
40
-80
40
-80
40
-80
-65
-65
-65
-65
-65
-65
-65
-65
-65
-65
-65
-65
-65
-65
-65
-65
-65
-64.574
-64.574
-64.574
-64.574
-64.574
-64.574
-64.574
-64.574
-64.574
-65
-64.574
-64.574
-64.574
-64.574
-64.574
-64.574
-64.574
-64.574
-65
-65
-65
-65
-64.574
-65
-65
-65
-65
-65
-65
-65
-65
-65
-64.574
-64.1479
-64.574
-64.574
-64.574
-64.574
-64.574
-64.574
-64.574
-64.574
-65
-65
-64.574
-64.574
-64.574
-64.574
-64.574
-64.574
-64.574
-64.574
-64.574
-65
-64.574
-64.574
-64.574
-65
-65
-65
-64.574
-64.574
-64.574
-64.574
-64.574
-65
-64.574
-64.1479
-64.1479
-64.574
-64.574
-64.574
-64.574
-64.574
-64.574
-64.1479
-64.1479
-64.574
-64.574
-64.574
-64.574
-64.574
-64.574
-64.574
-64.574
-64.574
-64.574
-64.574
-64.574
-64.574
-64.574
-65
-65
-64.574
-64.574
-64.574
-64.574
-64.574
-64.1479
-63.7219
-63.7219
-62.8698
-61.5917
-60.7396
-59.0355
-57.7574
-56.0533
-54.3491
-53.071
-51.3669
-49.6627
-47.9586
-45.8284
-43.6982
-41.9941
-40.2899
-36.8817
-36.8817
-33.4734
-32.1953
-30.4911
-26.2308
-23.2485
-21.1183
-19.8402
-18.1361
-16.858
-15.1538
-13.8757
-12.1716
-10.8935
-10.4675
-10.8935
-12.1716
-13.4497
-14.3018
-15.5799
-16.432
-17.284
-18.5621
-19.4142
-20.6923
-21.1183
-22.3964
-23.6746
-24.5266
-25.3787
-25.8047
-26.6568
-27.5089
-28.3609
-28.787
-29.6391
-29.6391
-30.0651
-30.9172
-31.3432
-32.1953
-32.6213
-33.0473
-33.4734
-33.8994
-34.3254
-34.7515
-35.1775
-35.6036
-36.0296
-36.0296
-35.1775
-34.3254
-33.4734
-32.1953
-30.9172
-29.6391
-28.3609
-26.6568
-25.3787
-24.1006
-22.8225
-21.1183
-19.8402
-18.5621
-17.284
-16.0059
-14.7278
-13.4497
-12.5976
-11.7456
-10.4675
-9.61538
-8.33728
-7.48521
-6.63314
-5.78107
-4.50296
-3.22485
-2.37278
-1.09467
-0.242604
1.0355
1.88757
2.31361
3.16568
3.59172
3.59172
3.59172
4.01775
4.44379
4.86982
4.44379
4.44379
4.44379
4.86982
4.44379
4.44379
4.01775
3.59172
2.73964
2.73964
2.31361
1.46154
1.46154
0.609467
-0.242604
-0.668639
-1.52071
-1.94675
-2.79882
-2.79882
-2.79882
-2.37278
-1.94675
-1.52071
-1.09467
-0.668639
0.183432
0.609467
1.46154
2.31361
2.73964
2.73964
3.16568
4.01775
4.01775
4.44379
4.86982
5.29586
5.29586
5.72189
5.72189
5.72189
5.29586
5.72189
5.72189
5.72189
4.86982
4.86982
4.44379
4.01775
3.59172
3.59172
3.16568
2.73964
2.31361
1.46154
0.609467
-0.242604
-0.242604
-1.09467
-1.94675
-2.79882
-3.65089
-4.50296
-4.92899
-5.78107
-6.63314
-7.48521
-8.76331
-9.61538
-10.4675
-11.3195
-12.5976
-13.4497
-14.3018
-15.5799
-16.858
-17.7101
-18.5621
-19.4142
-20.6923
-21.5444
-22.3964
-23.6746
-24.5266
-25.3787
-26.2308
-27.0828
-27.9349
-28.787
-29.6391
-30.4911
-31.3432
-31.7692
-32.6213
-33.8994
-34.3254
-34.7515
-35.6036
-36.0296
-36.8817
-37.7337
-38.1598
-39.0118
-39.4379
-40.2899
-40.716
-41.142
-41.568
-41.9941
-42.8462
-43.2722
-43.6982
-44.1243
-44.1243
-44.9763
-45.4024
-45.4024
-45.8284
-46.2544
-46.6805
-47.1065
-47.5325
-47.9586
-47.9586
-48.3846
-48.8107
-49.2367
-49.2367
-49.6627
-50.0888
-50.5148
-50.5148
-50.9408
-51.3669
-51.7929
-51.7929
-52.2189
-52.645
-52.645
-52.645
-53.071
-53.071
-53.071
-53.071
-53.497
-53.9231
-54.3491
-54.3491
-54.3491
-54.3491
-54.3491
-54.3491
-54.7751
-54.7751
-55.2012
-55.2012
-55.2012
-55.6272
-55.6272
-56.0533
-56.0533
-56.0533
-56.0533
-56.4793
-56.4793
-56.4793
-56.9053
-56.9053
-56.9053
-56.9053
-56.9053
-56.9053
-57.3314
-57.7574
-58.1834
-58.1834
-58.1834
-58.1834
-58.1834
-58.6095
-58.6095
-58.6095
-58.1834
-58.1834
-58.6095
-58.6095
-58.6095
-59.0355
-59.0355
-58.6095
-59.0355
-59.0355
-59.0355
-59.0355
-59.0355
-59.0355
-59.0355
-59.4615
-59.4615
-59.8876
-59.8876
-59.8876
-59.8876
-59.8876
-59.8876
-60.3136
-60.3136
-60.3136
-60.3136
-60.3136
-60.3136
-60.3136
-60.3136
-65
-65.0056
-65.009
-65.0112
-65.0134
-65.0179
-65.0224
-65.0269
-65.0314
-65.0336
-65.0358
-65.0403
-65.0448
-65.0493
-65.0538
-65.056
-65.0582
-65.0627
-65.0672
-65.0717
-65.0761
-65.0784
-65.0806
-64.6775
-64.682
-64.6865
-64.6909
-64.6932
-64.6954
-64.6999
-64.7044
-64.7089
-64.7133
-64.7156
-64.7178
-64.7223
-64.7268
-64.7312
-64.7357
-64.738
-64.7402
-64.7447
-64.7492
-64.7536
-65.1646
-65.1669
-65.1691
-65.1736
-65.178
-65.1825
-65.187
-65.1892
-65.1915
-65.196
-65.2004
-65.2049
-65.2094
-65.2116
-65.2139
-65.2184
-65.2228
-65.2273
-65.2318
-65.234
-65.2363
-65.2408
-65.2452
-65.2497
-65.2542
-65.2564
-65.2587
-65.2632
-65.2676
-65.2721
-65.2766
-65.2788
-65.2811
-65.2856
-65.29
-65.2945
-65.299
-65.3012
-65.3035
-65.3079
-65.3124
-65.3169
-65.3214
-65.3236
-65.3259
-65.3303
-65.3348
-65.3393
-65.3438
-65.346
-65.3483
-65.3527
-65.3572
-65.3617
-65.3662
-65.3684
-65.3707
-65.3751
-65.3796
-65.3841
-65.3886
-65.3908
-65.3931
-65.3975
-65.4031
-65.4121
-65.0078
-65.0123
-65.0168
-65.0213
-65.0258
-65.0302
-65.0347
-65.0392
-65.0437
-65.0482
-65.0526
-65.0571
-65.0616
-65.0661
-65.0705
-65.075
-65.0795
-65.084
-65.0885
-65.0929
-65.0974
-65.1019
-65.1064
-65.1109
-65.1153
-65.1198
-65.1243
-65.1288
-65.1333
-65.1377
-65.1422
-65.1467
-65.1512
-65.1557
-65.1601
-65.1646
-65.1691
-65.1736
-65.178
-65.1825
-65.187
-65.1915
-65.196
-65.2004
-65.2049
-65.2094
-65.2139
-65.2184
-65.2228
-65.2273
-65.2318
-65.2363
-65.2408
-65.2452
-65.2497
-65.2542
-65.2587
-65.2632
-65.2676
-65.2721
-65.2766
-65.2811
-65.2856
-65.29
-65.2945
-65.299
-65.3035
-65.3079
-65.3124
-65.3169
-65.3214
-65.3259
-65.3303
-65.3348
-65.3393
-65.3438
-65.3483
-65.3527
-65.3572
-65.3617
-65.3662
-65.3707
-65.3751
-65.3796
-65.3841
-65.3886
-65.3931
-65.3975
-65.402
-65.4065
-65.411
-65.4154
-65.4199
-65.4244
-65.4289
-65.4334
-65.4378
-65.4423
-65.4468
-65.4513
-65.4558
-65.4602
-65.4647
-65.4692
-65.4737
-65.4782
-65.4826
-65.4871
-65.4916
-65.4961
-64.6842
-63.0571
-61.8354
-60.2061
-58.5768
-55.3171
-54.0953
-52.466
-50.8367
-48.3922
-46.7629
-45.1336
-41.4662
-37.7988
-35.3543
-33.3174
-33.3174
-28.4272
-28.4272
-23.537
-23.537
-18.6468
-18.6468
-13.7566
-13.7566
-8.86646
-8.86646
-4.38388
-1.12413
4.17366
11.9171
11.9171
16.8073
19.6594
22.104
26.9941
28.6235
30.2528
31.8821
34.7342
36.3635
39.6233
41.2526
42.4743
46.1394
47.36
47.36
47.7632
47.3522
47.3522
46.126
44.8998
44.8998
43.6747
42.041
42.041
40.8159
39.5919
39.5919
37.9593
36.7331
36.7331
35.508
33.8765
33.8765
32.2438
31.0187
31.0187
29.386
28.161
28.161
26.5294
25.3044
25.3044
23.6728
22.4466
22.4466
20.8151
19.1824
19.1824
17.9584
16.3258
16.3258
14.6942
13.4692
13.4692
12.2441
10.6125
10.6125
8.97986
7.3483
7.3483
6.12436
4.49168
4.49168
2.86013
1.63506
1.63506
0.00238892
-1.63029
-1.63029
-2.85423
-4.48691
-4.48691
-5.71197
-6.93704
-6.93704
-8.56859
-10.2013
-10.2013
-11.8328
-13.0579
-13.0579
-14.283
-15.9156
-15.9156
-17.1407
-18.7734
-18.7734
-20.4049
-21.63
-21.63
-23.2615
-24.4866
-24.4866
-26.1193
-27.3443
-27.3443
-28.977
-30.2021
-30.2021
-31.8336
-33.0587
-33.0587
-34.6914
-35.9176
-35.9176
-37.5502
-38.7742
-38.7742
-40.0004
-41.2254
-41.2254
-42.4516
-43.6767
-43.6767
-44.9029
-45.7215
-45.7215
-46.9476
-48.1738
-48.1738
-48.5848
-49.4034
-49.4034
-50.2219
-51.0416
-51.0416
-51.045
-51.8647
-51.8647
-51.8692
-52.6878
-52.6878
-53.0987
-53.1032
-53.1032
-53.1077
-53.5198
-53.5198
-53.9319
-53.9363
-53.9363
-53.9408
-53.9453
-53.9453
-54.3563
-54.7683
-54.7683
-54.7728
-54.7773
-54.7773
-54.7818
-54.7863
-54.7863
-54.7907
-54.7952
-54.7952
-54.7997
-54.8042
-54.8042
-54.8087
-54.8131
-54.8131
-54.8176
-54.8221
-54.8221
-54.8266
-54.8311
-54.8311
-54.8355
-54.84
-54.84
-54.8445
-54.849
-54.849
-54.8535
-54.8579
-54.8579
-54.8624
-54.8669
-54.8669
-54.8714
-54.8759
-54.8759
-54.8803
-54.8848
-54.8848
-54.8893
-54.8938
-54.8938
-54.8982
-54.9027
-54.9027
-54.9072
-54.9117
-54.9117
-54.9162
-54.9206
-54.9206
-54.9251
-54.9296
-54.9296
-54.9341
-54.9386
-54.9386
-54.943
-54.9475
-54.9475
-54.952
-54.9565
-54.9565
-54.961
-54.9654
-54.9654
-54.9699
-54.9744
-54.9744
-54.9789
-54.9834
-54.9834
-54.9878
-54.9923
-54.9923
-54.9968
-55.0013
-55.0013
-55.0057
-55.0102
-55.0102
-55.0147
-55.0192
-55.0192
-55.0237
-55.0281
-55.0281
-55.0326
-55.0371
-55.0371
-55.0416
-55.0461
-55.0461
-55.0505
-55.055
-55.055
-55.0595
-55.064
-55.064
-55.0685
-55.0729
-55.0729
-55.0774
-55.0819
-55.0819
-55.0864
-55.0909
-55.0909
-55.0953
-55.0998
-55.0998
-55.1043
-55.1088
-55.1088
-55.1132
-55.1177
-55.1177
-55.1222
-55.1267
-55.1267
-55.1312
-55.1356
-55.1356
-55.1401
-55.1446
-55.1446
-55.1491
-55.1536
-55.1536
-55.158
-55.1625
-55.1625
-55.167
-55.1715
-55.1715
-55.176
-55.1804
-55.1804
-55.1849
-55.1894
-55.1894
-55.1939
-55.1984
-55.1984
-55.2028
-55.2073
-55.2073
-55.2118
-55.2163
-55.2163
-55.2208
-55.2252
-55.2252
-55.2297
-55.6407
-55.6407
-55.6452
-55.6496
-55.6496
-55.6541
-55.251
-55.251
-55.6631
-56.074
-56.074
-56.0785
-56.083
-56.083
-56.0875
-56.092
-56.092
-56.0964
-56.1009
-56.1009