0
7.79149
7.85605
7.92062
7.98519
8.04976
8.11433
8.17889
8.24346
8.30803
8.3726
8.43717
8.50174
8.5663
8.63087
8.69544
8.76001
8.82458
8.88914
8.93757
9.00214
9.05056
9.11513
9.1797
9.24427
9.2927
9.35726
9.42183
9.47026
9.50254
9.55097
9.59939
9.64782
9.6801
9.72853
9.76082
9.77696
9.82538
9.85767
9.88995
9.90609
9.95452
9.9868
10.00295
10.03523
10.06751
10.08366
10.11594
10.13208
10.14822
10.18051
10.19665
10.22893
10.24508
10.27736
10.2935
10.32579
10.34193
10.3581
10.3742
10.3904
10.4226
10.4549
10.4711
10.5033
10.5195
10.5356
10.5518
10.5679
10.5841
10.6002
10.6163
10.6325
10.6486
10.6648
10.6809
10.6971
10.7132
10.7293
10.7455
10.7455
10.7616
10.7778
10.7939
10.81
10.8262
10.8423
10.8585
10.8908
10.9069
10.923
10.9392
10.9392
10.9553
10.9715
10.9876
10.9876
11.0038
11.0199
11.036
11.036
11.0522
11.0683
11.0845
11.1006
11.1006
11.1167
11.1329
11.149
11.1652
11.1652
11.1813
11.1975
11.2136
11.2297
11.2459
11.2459
11.262
11.262
11.2782
11.2943
11.3105
11.3266
11.3266
11.3427
11.3589
11.375
11.3912
11.4073
11.4234
11.4396
11.4557
11.4719
11.488
11.5042
11.5042
11.5203
11.5526
11.5687
11.5849
11.601
11.601
11.6172
11.6333
11.6494
11.6656
11.6656
11.6817
11.6979
11.714
11.7301
11.7463
11.7624
11.7786
11.7947
11.8109
11.827
11.8431
11.8593
11.8754
11.8916
11.9077
11.9238
11.94
11.9561
11.9723
11.9884
12.0207
12.0368
12.053
12.0691
12.0853
12.1014
12.1176
12.1498
12.166
12.1983
12.2305
12.2467
12.2628
12.2951
12.3113
12.3435
12.3758
12.4243
12.4727
12.4888
12.5211
12.5372
12.5534
12.5695
12.5857
12.618
12.6341
12.6502
12.6664
12.6825
12.7148
12.731
12.7471
12.7632
12.7794
12.7955
12.8278
12.8439
12.8601
12.8762
12.8924
12.9085
12.9247
12.9247
12.9408
12.9569
12.9731
12.9892
13.0054
13.0054
13.0215
13.0377
13.0538
13.0699
13.0699
13.0861
13.1022
13.1184
13.1345
13.1506
13.1668
13.1829
13.1991
13.1991
13.2152
13.2314
13.2475
13.2636
13.2798
13.2798
13.2959
13.3121
13.3282
13.3444
13.3444
13.3605
13.3766
13.3928
13.4089
13.4251
13.4251
13.4412
13.4573
13.4573
13.4735
13.5058
13.5219
13.5381
13.5542
13.5703
13.5865
13.6026
13.6188
13.6349
13.6349
13.651
13.6672
13.6833
13.6833
13.6995
13.7156
13.7156
13.7318
13.7479
13.764
13.7802
13.7963
13.8125
13.8286
13.8448
13.8609
13.8609
13.877
13.8932
13.9093
13.9255
13.9416
13.9577
13.9739
13.99
14.0062
14.0223
14.0385
14.0546
14.0707
14.0869
14.103
14.1192
14.1353
14.1515
14.1837
14.1999
14.216
14.2322
14.2483
14.2644
14.2806
14.2967
14.3129
14.329
14.3452
14.3774
14.3936
14.4259
14.4582
14.4743
14.5066
14.5227
14.5389
14.555
14.5873
14.6034
14.6196
14.6519
14.6841
14.7003
14.7326
14.7649
14.8133
14.8456
14.8617
14.894
14.9424
14.9747
15.0231
15.0715
15.1038
15.1523
15.2007
15.233
15.2814
15.346
15.3782
15.4428
15.5074
15.572
15.6204
15.6849
15.7495
15.8141
15.8787
15.9432
16.0078
16.0724
16.1369
16.2015
16.2661
16.3306
16.3952
16.4598
16.5243
16.5889
16.6535
16.718
16.7826
16.8472
16.9117
16.9763
17.0409
17.35
30.35
30.4146
30.4791
30.5437
30.6083
30.6728
30.7374
30.802
30.8665
30.9311
30.9957
31.0603
31.1248
31.1894
31.254
31.3185
31.3831
31.4477
31.5122
31.5768
31.6414
31.7059
31.7705
31.8351
31.8996
31.9642
32.0288
32.0933
32.1579
32.2225
32.287
32.3516
32.4162
32.4808
32.5453
32.6099
32.6745
32.739
32.8036
32.8682
32.9327
32.9973
33.0619
33.1264
33.191
33.2556
33.3201
33.3847
33.4493
33.5138
33.5784
33.643
33.7075
33.7721
33.8367
33.9013
33.9658
34.0304
34.095
34.1595
34.2241
34.2887
34.3532
34.4178
34.4824
34.5469
34.6115
34.6761
34.7406
34.8052
34.8698
34.9343
34.9989
35.0635
35.128
35.1926
35.2572
35.3218
35.3863
35.4509
35.5155
35.58
35.6446
35.7092
35.7576
35.806
35.8706
35.9351
35.9997
36.0643
36.1289
36.1934
36.258
36.3226
36.3871
36.4517
36.5001
36.5647
36.6293
36.6777
36.7423
36.7907
36.8391
36.9037
36.9682
37.0167
37.0651
37.1135
37.1781
37.2265
37.2749
37.3234
37.3718
37.4041
37.4364
37.4686
37.5171
37.5494
37.5655
37.6139
37.6623
37.6946
37.7269
37.7753
37.8238
37.8561
37.8883
37.9368
37.969
38.0175
38.0498
38.082
38.1143
38.1466
38.1789
38.2273
38.2596
38.2919
38.3242
38.3565
38.3887
38.421
38.4533
38.4695
38.5017
38.534
38.5663
38.5986
38.6309
38.647
38.6793
38.6954
38.7277
38.76
38.7762
38.8084
38.8246
38.8569
38.873
38.9053
38.9376
38.9699
38.986
39.0183
39.0344
39.0506
39.0667
39.099
39.1151
39.1474
39.1636
39.1797
39.212
39.2281
39.2443
39.2604
39.2927
39.3088
39.325
39.3411
39.3734
39.3895
39.4057
39.4218
39.438
39.4541
39.4703
39.5025
39.5187
39.5348
39.551
39.5671
39.5833
39.6155
39.6317
39.6478
39.664
39.6801
39.7124
39.7285
39.7447
39.7608
39.777
39.8092
39.8254
39.8415
39.8577
39.8738
39.89
39.9061
39.9222
39.9384
39.9545
39.9707
39.9868
40.0029
40.0352
40.0514
40.0837
40.0998
40.1159
40.1321
40.1482
40.1644
40.1805
40.1967
40.2289
40.2451
40.2612
40.2774
40.2935
40.3096
40.3258
40.3419
40.3742
40.3904
40.4065
40.4226
40.4388
40.4549
40.4711
40.4872
40.5195
40.5518
40.5679
40.5841
40.6002
40.6163
40.6325
40.6486
40.6648
40.6809
40.6971
40.7132
40.7293
40.7455
40.7616
40.7778
40.7939
40.81
40.8423
40.8585
40.8746
40.9069
40.923
40.9392
40.9715
40.9876
41.0038
41.036
41.0522
41.0683
41.0845
41.1006
41.1329
41.149
41.1652
41.1813
41.1975
41.2297
41.2459
41.262
41.2943
41.3105
41.3266
41.3589
41.375
41.4073
41.4234
41.4557
41.488
41.5042
41.5364
41.5687
41.601
41.6172
41.6494
41.6817
41.714
41.7463
41.7624
41.7947
41.8109
41.8593
41.8754
41.9077
41.94
41.9884
42.0207
42.053
42.1014
42.1337
42.1821
42.2305
42.279
42.3435
42.4081
42.4404
42.4888
42.5372
42.5857
42.6341
42.6825
42.7148
42.7471
42.7794
42.8117
42.8601
42.8924
42.9247
42.9569
42.9892
43.0054
43.0377
43.0699
43.1022
43.1345
43.1506
43.1668
43.1991
43.2314
43.2636
43.2798
43.2959
43.3282
43.3444
43.3766
43.3928
43.4089
43.4251
43.4573
43.4735
43.5219
43.5381
43.5542
43.5703
43.5865
43.6188
43.6349
43.651
43.6672
43.6833
43.6995
43.7318
43.7479
43.764
43.7802
43.7963
43.8125
43.8286
43.8448
43.8609
43.8932
43.9093
43.9255
43.9416
43.9577
43.9739
43.99
44.0062
44.0223
44.0385
44.0546
44.0707
44.0869
44.103
44.1192
44.1353
44.1515
44.1837
44.1999
44.216
44.2322
44.2483
44.2644
44.2806
44.2967
44.3129
44.329
44.3452
44.3613
44.3774
44.3936
44.4259
44.4582
44.4582
44.4743
44.5066
44.5227
44.555
44.5711
44.6034
44.6196
44.6357
44.6519
44.668
44.6841
44.7003
44.7164
44.7326
44.7487
44.781
44.7971
44.8133
44.8456
44.8617
44.8778
44.894
44.9101
44.9263
44.9424
44.9586
44.9747
44.9908
45.0231
45.0393
45.0715
45.0877
45.1038
45.12
45.1361
45.1523
45.1684
45.1845
45.2168
45.233
45.2491
45.2653
45.2814
45.2975
45.3137
45.346
45.3621
45.3782
45.4105
45.4428
45.459
45.4751
45.5074
45.5235
45.5397
45.572
45.5881
45.6042
45.6365
45.6527
45.6688
45.6849
45.7172
45.7334
45.7657
45.7818
45.8141
45.8302
45.8625
45.8787
45.9109
45.9271
45.9594
45.9755
46.0078
46.0401
46.0562
46.1046
46.1208
46.1531
46.1692
46.2176
46.2338
46.2661
46.2983
46.3145
46.3468
46.3791
46.3952
46.4436
46.4759
46.5082
46.5405
46.5728
46.605
46.6212
46.6696
46.7019
46.7342
46.7826
46.831
46.8633
46.8956
46.9279
46.9763
47.0247
47.057
47.1054
47.1377
47.17
47.2184
47.2669
47.3153
47.3637
47.4121
47.4606
47.5251
47.5736
47.6381
47.6704
47.735
47.7834
47.848
47.9126
47.961
48.0094
48.074
48.1063
48.1708
48.2354
48.2838
48.3484
48.413
48.4775
48.5421
48.5905
48.6551
48.7197
48.7842
48.8488
48.9134
48.9779
49.0425
49.1071
49.1716
49.2362
49.3008
49.3653
49.4138
49.4783
49.5429
49.6075
49.672
49.7366
49.8012
49.8657
49.9303
49.9949
50.0594
50.124
50.1886
50.2531
50.3177
50.3823
50.4469
50.5114
50.576
50.6406
50.7051
50.7697
50.8343
50.8988
50.9634
51.028
51.0925
51.1571
51.2217
51.2862
51.3508
51.4154
51.4799
51.5445
51.6091
51.6736
51.7382
51.8028
51.8674
51.9319
51.9965
52.0611
52.1256
52.1902
52.2548
52.3193
52.3839
52.4485
52.513
52.5776
52.6422
52.7067
52.7713
52.8359
52.9004
52.965
53.0296
53.0941
53.1587
53.2233
53.2879
53.3524
53.417
53.4816
53.5461
53.6107
53.6753
53.7398
53.8044
53.869
53.9335
53.9981
54.0627
54.1272
54.1918
54.2564
54.3209
54.3855
54.4501
54.5146
54.5792
54.6438
54.7084
54.7729
54.8375
54.9021
54.9666
55.0312
55.0958
55.1603
55.2249
55.2895
55.35
60.35
60.3661
60.4307
60.5114
60.5598
60.6244
60.6728
60.7213
60.7536
60.8181
60.8665
60.915
60.9634
61.028
61.0925
61.141
61.1894
61.254
61.3024
61.3508
61.4154
61.4638
61.5122
61.5768
61.6252
61.6898
61.7382
61.7866
61.8512
61.8996
61.9481
62.0126
62.0449
62.1095
62.1741
62.2063
62.2548
62.3032
62.3516
62.4162
62.4646
62.5292
62.5615
62.626
62.6745
62.7229
62.7713
62.8359
62.8843
62.9166
62.9489
62.9973
63.0457
63.0941
63.1426
63.191
63.2394
63.2879
63.3201
63.3686
63.417
63.4654
63.5138
63.5623
63.6107
63.643
63.7075
63.756
63.7883
63.8367
63.869
63.9174
63.9658
63.9981
64.0465
64.095
64.1272
64.1757
64.2241
64.2725
64.3048
64.3532
64.3855
64.4178
64.4501
64.4824
64.5308
64.5792
64.6115
64.6599
64.6922
64.7406
64.7729
64.8213
64.8698
64.9021
64.9343
64.9666
65.0151
65.0635
65.0958
65.1442
65.1765
65.2249
65.2572
65.2895
65.3218
65.3702
65.4025
65.4347
65.467
65.5155
65.5477
65.5962
65.6285
65.6769
65.7092
65.7576
65.7899
65.8383
65.8706
65.9029
65.919
65.9513
65.9836
66.032
66.0643
66.0966
66.1289
66.1611
66.1934
66.2257
66.2741
66.3064
66.3548
66.3871
66.4194
66.4517
66.484
66.5163
66.5324
66.5647
66.6131
66.6454
66.6777
66.71
66.7261
66.7584
66.7907
66.8391
66.8714
66.9037
66.936
66.9844
67.0167
67.0651
67.0974
67.1297
67.1619
67.1942
67.2427
67.2749
67.3072
67.3234
67.3395
67.3718
67.4041
67.4202
67.4686
67.5009
67.5332
67.5655
67.5978
67.6462
67.6785
67.7108
67.7431
67.7915
67.8238
67.8561
67.8883
67.9368
67.969
68.0013
68.0336
68.0659
68.1143
68.1466
68.1789
68.2273
68.2596
68.2919
68.3403
68.3726
68.4049
68.4533
68.4856
68.5179
68.5502
68.5986
68.6309
68.6632
68.6954
68.7277
68.76
68.8084
68.8407
68.873
68.9214
68.9699
69.0021
69.0344
69.0828
69.1151
69.1636
69.212
69.2281
69.2766
69.3088
69.3411
69.3895
69.4218
69.4703
69.5025
69.5348
69.5833
69.6155
69.664
69.6962
69.7447
69.777
69.8092
69.8415
69.89
69.9222
69.9707
70.0191
70.0514
70.0998
70.1482
70.1805
70.2451
70.2774
70.3096
70.3581
70.3904
70.4388
70.4872
70.5356
70.5679
70.6163
70.6648
70.7132
70.7455
70.7939
70.8585
70.9069
70.9553
71.0038
71.0522
71.1167
71.1652
71.2136
71.2782
71.3266
71.3912
71.4557
71.5042
71.5687
71.6172
71.6656
71.7301
71.7947
71.8593
71.9077
71.9723
72.0368
72.1014
72.166
72.2144
72.279
72.3274
72.392
72.4565
72.5211
72.5695
72.6341
72.6987
72.7632
72.8278
72.8924
72.9408
73.0054
73.0699
73.1184
73.1829
73.2475
73.2798
73.3444
73.3928
73.4573
73.5058
73.5703
73.6188
73.6833
73.7318
73.7802
73.8286
73.8932
73.9416
73.99
74.0385
74.0869
74.1192
74.1676
74.1999
74.2644
74.2967
74.3452
74.3936
74.442
74.4904
74.5389
74.5873
74.6357
74.668
74.7164
74.7487
74.7971
74.8456
74.8778
74.9263
74.9586
74.9908
75.0393
75.0715
75.12
75.1684
75.2007
75.2491
75.2814
75.3137
75.3621
75.3944
75.4428
75.4912
75.5235
75.5558
75.6042
75.6365
75.6688
75.7172
75.7495
75.7818
75.8302
75.8625
75.8948
75.9271
75.9594
76.0078
76.0401
76.0724
76.1208
76.1692
76.2015
76.2338
76.2661
76.2822
76.3145
76.3468
76.3952
76.4275
76.4598
76.4921
76.5243
76.5566
76.5889
76.6212
76.6696
76.7019
76.7342
76.7826
76.8149
76.8633
76.8956
76.9279
76.9602
77.0086
77.0409
77.0732
77.1054
77.1377
77.17
77.2023
77.2507
77.283
77.3153
77.3637
77.396
77.4283
77.4444
77.4929
77.509
77.5574
77.5897
77.622
77.6704
77.7027
77.735
77.7673
77.7996
77.848
77.8803
77.8964
77.9448
77.9771
78.0094
78.0417
78.0901
78.1224
78.1547
78.187
78.2192
78.2515
78.2838
78.3161
78.3645
78.3968
78.4291
78.4614
78.5098
78.5421
78.5744
78.6067
78.6389
78.6874
78.7197
78.7681
78.8004
78.8165
78.8649
78.8972
78.9295
78.9779
79.0102
79.0425
79.0748
79.0909
79.1232
79.1716
79.2039
79.2362
79.2846
79.3169
79.3492
79.3976
79.446
79.4783
79.5106
79.5429
79.559
79.5913
79.6236
79.6559
79.6882
79.7366
79.7689
79.8173
79.8496
79.898
79.9303
79.9787
80.0272
80.0594
80.0756
80.124
80.1724
80.2047
80.2531
80.3016
80.3339
80.3661
80.3984
80.4469
80.4953
80.5276
80.576
80.6083
80.6567
80.7051
80.7374
80.7858
80.8343
80.8665
80.915
80.9634
80.9957
81.0441
81.0925
81.1248
81.1571
81.1894
81.254
81.2862
81.3508
81.3992
81.4315
81.4799
81.5284
81.5768
81.6252
81.6575
81.7221
81.7705
81.8028
81.8674
81.9158
81.9481
82.0126
82.0611
82.1095
82.1579
82.2063
82.2548
82.3193
82.3678
82.4162
82.4646
82.513
82.5776
82.6099
82.6745
82.7229
82.7713
82.8197
82.852
82.9166
82.965
83.0134
83.078
83.1264
83.191
83.2394
83.304
83.3524
83.417
83.4654
83.53
83.5946
83.643
83.7075
83.7721
83.8205
83.8851
83.9335
83.9981
84.0627
84.1111
84.1757
84.2402
84.3048
84.3694
84.4339
84.4824
84.5469
84.6115
84.6761
84.7406
84.8052
84.8698
84.9343
84.9989
85.0473
85.1119
85.1765
85.241
85.3056
85.354
