-70
-69.8829
-69.8825
-69.8821
-69.8816
-69.8812
-69.8808
-69.8803
-69.8799
-69.8795
-69.879
-69.8786
-69.8782
-69.8777
-69.8773
-69.8769
-69.8764
-69.876
-69.7413
-69.741
-69.6064
-69.4718
-69.4714
-69.3367
-69.2021
-68.9333
-68.7986
-68.6639
-68.3952
-67.9923
-67.7235
-67.4547
-67.0517
-66.783
-66.38
-66.1113
-65.7085
-65.4398
-65.0369
-64.634
-64.0969
-63.6939
-63.291
-62.754
-62.3511
-61.814
-61.277
-60.8741
-60.337
-59.9342
-59.3971
-58.8601
-58.5914
-58.0544
-57.6515
-56.7118
-56.1747
-55.6376
-55.2348
-54.6978
-54.1608
-53.6237
-52.6839
-52.1468
-51.6097
-50.4015
-49.8645
-49.3275
-48.7905
-48.2535
-47.448
-46.3741
-45.837
-45.4342
-44.3603
-43.8233
-43.2863
-42.7492
-42.2122
-41.2725
-41.2725
-40.1986
-39.6616
-38.5876
-38.0506
-37.5136
-36.4396
-36.0369
-35.634
-34.56
-34.1572
-33.7544
-33.7544
-32.0094
-31.4723
-30.9353
-30.9353
-29.1902
-28.6532
-28.2504
-28.2504
-26.6396
-26.1026
-25.6998
-24.6258
-24.6258
-23.5519
-22.6122
-22.2094
-21.5382
-21.5382
-19.7931
-18.7191
-18.1821
-17.6451
-16.5712
-16.5712
-15.4972
-15.4972
-14.0206
-13.4836
-12.9466
-11.6042
-11.6042
-10.5303
-9.45632
-8.9193
-8.11382
-7.30834
-5.56327
-5.02624
-4.48922
-3.81797
-3.14672
-2.47548
-2.47548
-0.461944
-0.0590431
1.01489
1.41768
2.49162
2.49162
3.56555
4.63949
5.17651
6.25044
6.25044
7.32437
7.8614
8.8011
9.33812
9.87514
10.9491
11.4861
12.0231
12.5601
12.9629
13.5
14.5739
15.1109
16.1848
16.5876
17.1247
17.6617
18.1987
18.7357
19.6754
20.2126
20.7496
21.1524
21.6894
22.2264
22.7634
23.3005
23.7034
24.2404
24.6433
25.0462
25.449
25.986
26.3889
26.9259
27.3288
27.4633
27.0609
26.2559
25.7191
25.3166
24.7798
24.3772
23.8404
23.3036
22.9011
22.3643
21.9617
21.4249
20.8881
20.4857
19.9489
19.4121
18.8753
17.8015
17.399
16.8623
16.1912
15.6544
15.2519
14.715
14.1782
13.1045
13.1045
12.0308
11.494
10.9572
10.4204
9.48091
9.48091
8.40719
7.87039
7.33358
6.25987
6.25987
5.18615
4.11243
3.57563
2.50191
1.96511
1.02562
0.488812
-0.584906
-0.584906
-1.65862
-2.0612
-2.598
-3.53749
-4.61121
-4.61121
-5.68493
-6.22173
-6.75854
-7.83225
-7.83225
-9.44288
-9.84546
-10.9192
-11.456
-12.5297
-12.5297
-13.6034
-14.6771
-14.6771
-15.7508
-16.6902
-17.0928
-17.6296
-18.7033
-19.3744
-20.3138
-21.2533
-22.0586
-23.4008
-23.4008
-24.4745
-25.0113
-26.085
-26.085
-27.0245
-27.5613
-27.5613
-29.1719
-29.7087
-30.2455
-31.185
-31.9903
-32.5271
-33.6008
-34.1376
-35.0771
-35.0771
-36.1508
-36.6876
-37.7613
-38.5666
-39.2376
-40.3114
-40.8482
-41.385
-42.1902
-42.727
-43.2638
-44.3376
-44.7401
-45.2769
-45.8137
-46.3505
-47.4243
-47.9611
-48.2293
-48.7661
-49.8398
-50.3766
-50.9134
-51.4502
-51.8528
-52.3896
-52.7922
-53.329
-54.5369
-55.2079
-55.7447
-56.1471
-56.6838
-57.7576
-58.16
-58.6968
-59.2336
-59.6362
-60.0387
-60.5755
-61.1123
-61.5148
-62.0514
-62.5883
-62.8565
-63.3932
-63.6613
-64.0638
-64.6006
-64.8688
-65.6739
-66.0763
-66.3445
-66.7468
-67.1493
-67.5517
-67.8198
-68.2223
-68.3562
-68.6242
-68.7582
-68.892
-69.0258
-69.1596
-69.4277
-69.4273
-69.5611
-69.5606
-69.6944
-69.694
-69.8278
-69.8274
-69.8269
-69.8265
-69.8261
-69.8256
-69.8252
-69.8248
-69.8243
-69.8239
-69.8235
-69.823
-69.8226
-69.8222
-69.8217
-69.8213
-69.8209
-70
-70
-69.9329
-69.9329
-69.9329
-69.9329
-69.9329
-69.9329
-69.9329
-69.9329
-69.9329
-69.9329
-69.9329
-69.9329
-69.9329
-69.9329
-69.9329
-69.9329
-69.9329
-69.9329
-69.9329
-69.9329
-69.9329
-69.9329
-69.9329
-69.9329
-69.9329
-69.9329
-69.9329
-69.9329
-69.9329
-69.9329
-69.9329
-69.9329
-69.9329
-69.9329
-69.9329
-69.9329
-69.9329
-69.9329
-69.9329
-69.9329
-69.9329
-69.9329
-69.9329
-69.9329
-69.9329
-69.9329
-69.9329
-69.9329
-69.9329
-69.9329
-69.9329
-69.9329
-69.9329
-69.9329
-69.9329
-69.9329
-69.9329
-69.9329
-69.9329
-69.9329
-69.9329
-69.9329
-69.9329
-69.9329
-69.9329
-69.9329
-69.9329
-69.9329
-69.9329
-69.9329
-69.9329
-69.9329
-69.9329
-69.9329
-69.9329
-69.9329
-69.9329
-69.7987
-69.7987
-69.7987
-69.6644
-69.6644
-69.6644
-69.6644
-69.5302
-69.5302
-69.5302
-69.396
-69.2617
-69.2617
-69.1275
-69.1275
-69.1275
-68.9933
-68.9933
-68.7248
-68.5906
-68.5906
-68.1879
-68.1879
-67.9195
-67.651
-67.5168
-67.3826
-67.1141
-66.9799
-66.7114
-66.5772
-66.3087
-66.0403
-65.7718
-65.5034
-65.3691
-65.2349
-64.8322
-64.5638
-64.2953
-64.0268
-63.7584
-63.6242
-63.3557
-62.953
-62.6846
-62.2819
-61.8792
-61.3423
-61.2081
-60.6711
-60.4027
-60
-59.4631
-59.1946
-58.7919
-58.255
-57.8523
-57.4497
-57.1812
-56.7785
-56.3758
-55.8389
-55.4362
-55.0336
-54.4966
-54.094
-53.557
-53.1544
-52.6174
-52.2148
-51.6779
-51.2752
-50.7383
-50.4698
-49.9329
-49.396
-48.9933
-48.4564
-48.0537
-47.5168
-46.9799
-46.5772
-46.1745
-45.7718
-45.3691
-44.8322
-44.4295
-43.8926
-43.3557
-42.953
-42.4161
-41.8792
-41.4765
-40.9396
-40.5369
-40
-39.4631
-38.9262
-38.5235
-37.9866
-37.4497
-37.047
-36.5101
-36.1074
-35.5705
-35.0336
-34.6309
-34.094
-33.6913
-33.1544
-32.6174
-32.2148
-31.6779
-31.1409
-31.1409
-30.604
-30.0671
-29.5302
-28.9933
-28.5906
-28.0537
-27.5168
-26.9799
-26.3087
-25.7718
-25.3691
-24.8322
-24.2953
-23.7584
-23.2215
-22.6846
-22.2819
-21.8792
-21.3423
-20.9396
-20.1342
-19.5973
-19.1946
-18.6577
-17.5839
-17.047
-16.6443
-16.1074
-15.5705
-15.0336
-14.4966
-14.094
-13.6913
-13.1544
-12.6174
-12.0805
-11.6779
-11.1409
-10.604
-10.0671
-9.66443
-8.5906
-8.05369
-7.51678
-6.97987
-6.57718
-6.04027
-5.50336
-4.96644
-4.02685
-3.48993
-2.95302
-2.55034
-2.01342
-1.47651
-0.939597
-0.402685
1.42E-14
0.536913
1.07383
1.47651
2.01342
2.55034
3.08725
3.48993
4.02685
4.56376
5.10067
5.50336
6.04027
6.44295
6.97987
7.51678
7.91946
8.99329
9.5302
10.0671
10.4698
11.0067
11.4094
11.9463
12.4832
13.0201
13.557
14.094
14.4966
15.0336
15.5705
16.1074
16.5101
17.047
17.5839
17.9866
18.5235
19.0604
19.3289
19.8658
20.4027
20.8054
21.3423
21.745
22.2819
22.8188
23.2215
23.7584
24.1611
24.698
24.9664
25.5034
25.906
26.3087
26.7114
27.2483
27.651
27.9195
28.3221
28.7248
29.1275
29.396
29.9329
30.0671
30.3356
30.3356
29.9329
29.5302
29.2617
28.9933
28.7248
28.3221
27.9195
27.5168
27.1141
26.7114
26.3087
25.906
25.3691
24.9664
24.5638
24.0268
23.6242
23.0872
22.6846
22.1477
21.6107
21.2081
20.6711
20.1342
19.7315
19.3289
19.0604
18.5235
18.1208
17.5839
17.1812
16.6443
16.1074
15.7047
15.1678
14.7651
14.2282
13.8255
13.2886
12.7517
12.2148
11.6779
11.2752
10.7383
10.2013
9.66443
9.12752
8.72483
8.18792
7.65101
7.24832
6.71141
6.1745
5.63758
5.10067
4.69799
4.16107
3.62416
3.08725
2.55034
2.14765
1.61074
1.07383
0.671141
0.134228
-0.268456
-0.805369
-1.34228
-1.74497
-2.14765
-2.55034
-2.95302
-3.3557
-3.89262
-4.69799
-5.10067
-5.50336
-5.90604
-6.44295
-6.97987
-7.51678
-8.05369
-8.45638
-8.99329
-9.5302
-10.0671
-10.4698
-11.5436
-11.5436
-12.6174
-13.0201
-14.094
-14.6309
-15.1678
-16.1074
-16.6443
-17.1812
-17.7181
-18.255
-18.6577
-19.1946
-19.7315
-20.2685
-20.8054
-21.2081
-21.745
-22.2819
-22.6846
-23.2215
-23.7584
-24.2953
-24.8322
-25.2349
-25.7718
-26.3087
-26.7114
-27.2483
-27.7852
-28.7248
-29.2617
-29.7987
-30.2013
-30.7383
-31.2752
-31.8121
-32.349
-32.7517
-33.1544
-33.6913
-34.094
-34.6309
-35.1678
-35.7047
-36.1074
-36.6443
-37.1812
-37.7181
-38.1208
-38.5235
-38.9262
-39.4631
-40
-40.5369
-40.9396
-41.4765
-41.8792
-42.4161
-42.8188
-43.3557
-43.8926
-44.2953
-44.8322
-45.3691
-45.7718
-46.3087
-46.8456
-47.2483
-47.7852
-48.3221
-48.7248
-49.2617
-49.6644
-50.2013
-50.7383
-51.1409
-51.5436
-51.6779
-52.2148
-52.6174
-53.1544
-53.557
-53.9597
-54.3624
-54.8993
-55.302
-55.7047
-56.1074
-56.6443
-56.9128
-57.4497
-57.8523
-58.255
-58.6577
-59.0604
-59.4631
-59.8658
-60.1342
-60.6711
-60.8054
-61.2081
-61.4765
-62.0134
-62.4161
-62.6846
-63.0872
-63.4899
-63.8926
-64.1611
-64.4295
-64.8322
-64.9664
-65.2349
-65.5034
-65.7718
-66.0403
-66.3087
-66.5772
-66.7114
-67.1141
-67.1141
-67.3826
-67.5168
-67.7852
-68.0537
-68.1879
-68.1879
-68.5906
-68.5906
-68.5906
-68.8591
-68.9933
-68.9933
-69.1275
-69.1275
-69.396
-69.396
-69.396
-69.5302
-69.5302
-69.5302
-69.5302
-69.6644
-69.6644
-69.7987
-69.7987
-69.7987
-69.7987
-69.7987
-69.9329
-69.9329
-69.9329
-69.9329
-69.9329
-69.9329
-69.9329
-69.9329
-69.9329
-69.9329
-69.9329
-69.9329
-69.9329
-69.9329
-69.9329
-69.9329
-69.9329
-69.9329
-69.9329
-69.9329
-69.9329
-69.9329
-69.9329
-69.9329
-69.9329
-69.9329
-69.9329
-69.9329
-69.9329
-69.9329
-69.9329
-69.9329
-69.9329
-69.9329
-69.9329
-69.9329
-69.9329
-69.9329
-69.9329
-69.9329
-69.9329
-69.9329
-69.9329
-69.9329
-69.9329
-69.9329
-69.9329
-69.9329
-69.9329
-69.9329
-69.9329
-69.9329
-69.9329
-69.9329
-69.9329
-69.9329
-69.9329
-69.9329
-69.9329
-69.9329
-69.9329
-69.9329
-69.9329
-69.9329
-69.9329
-69.9329
-69.9329
-69.9329
-69.9329
-69.9329
-69.9329
-69.9329
-69.9329
-69.9329
-69.9329
-69.9329
-69.9329
-69.9329
-69.9329
-69.9329
-69.9329
-69.9329
-69.9329
-69.9329
-69.9329
-69.9329
-69.9329
-69.9329
-69.9329
-69.9329
-69.9329
-70
-70
-64.698
-64.4295
-64.2953
-64.0268
-63.8926
-63.6242
-63.4899
-63.2215
-63.0872
-62.953
-62.6846
-62.4161
-62.1477
-62.0134
-61.8792
-61.6107
-61.6107
-61.2081
-61.0738
-60.8054
-60.5369
-60.4027
-60.1342
-60
-59.7315
-59.3289
-59.3289
-59.0604
-58.7919
-58.5235
-58.255
-57.9866
-57.7181
-57.4497
-57.1812
-56.7785
-56.5101
-56.2416
-56.1074
-55.7047
-55.5705
-55.1678
-54.8993
-54.6309
-54.3624
-53.9597
-53.6913
-53.4228
-53.1544
-52.8859
-52.6174
-52.349
-52.0805
-51.6779
-51.4094
-51.0067
-50.7383
-50.3356
-50.0671
-49.6644
-49.2617
-48.8591
-48.5906
-48.1879
-47.9195
-47.651
-47.3826
-46.9799
-46.7114
-46.3087
-45.906
-45.5034
-45.1007
-44.698
-44.4295
-44.0268
-43.6242
-43.3557
-42.953
-42.5503
-42.1477
-41.8792
-41.745
-41.3423
-40.9396
-40.5369
-40.2685
-39.8658
-39.4631
-39.0604
-38.6577
-38.255
-37.8523
-37.4497
-37.047
-36.6443
-36.2416
-35.8389
-35.5705
-35.1678
-34.7651
-34.3624
-33.9597
-33.557
-33.1544
-32.7517
-32.349
-31.9463
-31.5436
-31.0067
-30.7383
-30.3356
-29.7987
-29.396
-29.1275
-28.5906
-28.1879
-27.7852
-27.3826
-26.9799
-26.5772
-26.3087
-25.906
-25.5034
-25.1007
-24.698
-24.2953
-24.0268
-23.6242
-23.2215
-22.6846
-22.2819
-21.8792
-21.4765
-21.0738
-20.6711
-20.1342
-19.7315
-19.4631
-19.1946
-18.7919
-18.3893
-17.9866
-17.4497
-17.1812
-16.9128
-16.5101
-15.9732
-15.7047
-15.1678
-14.7651
-14.2282
-13.9597
-13.557
-13.0201
-12.6174
-12.2148
-11.6779
-11.2752
-10.8725
-10.4698
-10.2013
-9.79866
-9.5302
-9.12752
-8.85906
-8.45638
-8.05369
-7.65101
-7.24832
-6.84564
-6.30872
-5.90604
-5.63758
-5.10067
-4.69799
-4.2953
-3.89262
-3.3557
-2.95302
-2.55034
-2.14765
-1.61074
-1.07383
-0.671141
-0.268456
0.134228
0.671141
1.07383
1.47651
1.87919
2.28188
2.68456
3.08725
3.62416
4.02685
4.2953
4.83221
5.2349
5.63758
6.04027
6.57718
6.97987
7.38255
7.78523
8.18792
8.5906
8.99329
9.26174
9.79866
10.2013
10.604
11.0067
11.4094
11.8121
12.2148
12.6174
13.0201
13.4228
13.8255
14.2282
14.6309
15.0336
15.4362
15.8389
15.9732
16.3758
16.7785
17.1812
17.4497
17.8523
18.1208
18.5235
18.9262
19.1946
19.7315
20
20.4027
20.8054
21.0738
21.3423
21.6107
21.8792
22.1477
22.5503
22.8188
23.0872
23.4899
23.8926
24.1611
24.5638
24.8322
25.2349
25.3691
25.6376
25.906
26.1745
26.5772
26.5772
26.8456
27.2483
27.5168
27.651
27.9195
28.1879
28.3221
28.5906
28.5906
28.8591
28.9933
29.1275
29.2617
29.5302
29.6644
29.7987
29.7987
29.9329
29.9329
30.2013
30.2013
30.3356
30.3356
30.2013
30.2013
29.9329
29.7987
29.7987
29.7987
29.6644
29.6644
29.396
29.2617
29.1275
28.8591
28.7248
28.5906
28.1879
28.1879
27.9195
27.7852
27.5168
27.2483
26.9799
26.7114
26.5772
26.1745
25.906
25.6376
25.2349
24.9664
24.698
24.4295
24.0268
23.7584
23.4899
23.2215
22.8188
22.5503
22.1477
21.745
21.3423
21.0738
20.8054
20.4027
20.1342
19.5973
19.1946
19.0604
18.6577
18.255
17.8523
17.4497
17.047
16.6443
16.3758
15.9732
15.5705
15.1678
14.8993
14.3624
13.9597
13.557
13.1544
12.8859
12.4832
12.0805
11.6779
11.4094
10.8725
10.4698
10.0671
9.66443
9.26174
8.85906
8.45638
8.05369
7.51678
7.11409
6.71141
6.30872
5.77181
5.63758
5.2349
4.83221
4.42953
4.02685
3.75839
3.3557
2.81879
2.41611
2.14765
1.61074
1.20805
0.805369
0.402685
7.11E-15
-0.536913
-0.939597
-1.34228
-1.74497
-2.14765
-2.55034
-2.95302
-3.48993
-3.89262
-4.2953
-4.69799
-5.10067
-5.63758
-6.04027
-6.44295
-6.97987
-7.38255
-7.78523
-8.18792
-8.5906
-9.12752
-9.5302
-9.79866
-10.0671
-10.4698
-11.0067
-11.4094
-11.8121
-12.2148
-12.7517
-13.1544
-13.557
-14.094
-14.4966
-14.8993
-15.302
-15.8389
-16.2416
-16.5101
-17.047
-17.4497
-17.7181
-18.1208
-18.6577
-18.9262
-19.3289
-19.7315
-20.1342
-20.5369
-20.9396
-21.4765
-21.8792
-22.2819
-22.6846
-23.0872
-23.4899
-24.0268
-24.2953
-24.698
-25.1007
-25.3691
-25.906
-26.3087
-26.7114
-27.1141
-27.651
-27.9195
-28.3221
-28.7248
-28.9933
-29.2617
-29.7987
-29.9329
-30.4698
-30.8725
-31.2752
-31.6779
-32.0805
-32.349
-32.7517
-33.1544
-33.557
-33.8255
-34.094
-34.4966
-34.7651
-35.1678
-35.5705
-35.8389
-36.3758
-36.6443
-37.1812
-37.5839
-37.9866
-38.255
-38.5235
-38.9262
-39.1946
-39.4631
-40
-40.2685
-40.6711
-41.0738
-41.4765
-41.745
-42.1477
-42.5503
-42.953
-43.2215
-43.4899
-43.8926
-44.1611
-44.5638
-44.8322
-45.2349
-45.5034
-45.906
-46.3087
-46.5772
-46.9799
-47.3826
-47.651
-47.9195
-48.1879
-48.4564
-48.7248
-48.9933
-49.2617
-49.5302
-49.9329
-50.2013
-50.4698
-50.7383
-51.0067
-51.4094
-51.6779
-52.0805
-52.349
-52.7517
-52.8859
-53.2886
-53.2886
-53.6913
-53.9597
-54.2282
-54.4966
-54.6309
-55.0336
-55.1678
-55.4362
-55.7047
-55.9732
-56.1074
-56.5101
-56.5101
-56.7785
-56.9128
-57.1812
-57.4497
-57.7181
-57.8523
-57.9866
-58.1208
-58.3893
-58.6577
-58.6577
-58.7919
-59.0604
-59.1946
-59.3289
-59.4631
-59.5973
-59.8658
-59.8658
-59.8658
-60.1342
-60.2685
-60.4027
-60.4027
-60.5369
-60.6711
-60.6711
-60.8054
-60.8054
-60.8054
-60.9396
-61.0738
-61.0738
-61.0738
-61.0738
-61.2081
-61.2081
-61.2081
-61.2081
-61.2081
-61.0738
-61.0738
-61.0738
-61.0738
-61.2081
-60.9396
