0
0.13369
0.240642
0.347594
0.454545
0.561497
0.668449
0.775401
0.882353
0.989305
1.09626
1.20321
1.31016
1.41711
1.52406
1.63102
1.73797
1.84492
1.95187
2.05882
2.16578
2.27273
2.37968
2.48663
2.59358
2.70053
2.80749
2.8877
2.99465
3.1016
3.20856
3.31551
3.42246
3.52941
3.63636
3.74332
3.85027
3.93048
4.03743
4.11765
4.2246
4.33155
4.4385
4.54545
4.65241
4.75936
4.86631
5
5.10695
5.24064
5.34759
5.45455
5.5615
5.66845
5.7754
5.88235
5.9893
6.09626
6.20321
6.31016
6.41711
6.49733
6.60428
6.71123
6.81818
6.92513
7.03209
7.13904
7.24599
7.35294
7.45989
7.54011
7.64706
7.75401
7.86096
7.96791
8.07487
8.18182
8.28877
8.39572
8.50267
8.60963
8.71658
8.79679
8.90374
9.0107
9.11765
9.2246
9.33155
9.4385
9.54545
9.65241
9.75936
9.86631
9.97326
10.0802
10.1872
10.2941
10.4011
10.508
10.615
10.7219
10.8289
10.9358
11.0428
11.123
11.2299
11.3369
11.4439
11.5508
11.631
11.738
11.8449
11.9519
12.0588
12.1658
12.2727
12.3797
12.4599
12.5401
12.6203
12.6471
12.7005
12.754
12.8075
12.8342
12.861
12.8877
12.9144
12.9412
12.9679
12.9947
13.0214
13.0481
13.0481
13.0749
13.1016
13.1283
13.1551
13.1818
13.2086
13.2353
13.262
13.3155
13.369
13.3957
13.4492
13.5294
13.6096
13.6898
13.7701
13.8503
13.9037
14.0107
14.0909
14.1444
14.2513
14.3316
14.4118
14.492
14.5722
14.6524
14.7059
14.8128
14.893
14.9733
15.0802
15.1604
15.2406
15.3476
15.4278
15.5348
15.615
15.7219
15.8021
15.9091
15.9893
16.0963
16.2032
16.2834
16.3904
16.4706
16.5775
16.6578
16.7647
16.8717
16.9519
17.0053
17.0856
17.139
17.2193
17.2727
17.3262
17.3797
17.4332
17.4866
17.5668
17.6203
17.7005
17.754
17.8075
17.8877
17.9679
18.0481
18.1283
18.2086
18.2888
18.369
18.4492
18.5294
18.6096
18.6898
18.7701
18.8503
18.9305
18.984
19.0909
19.1711
19.2513
19.3316
19.4385
19.5455
19.6524
19.7326
19.8396
19.9465
20.0267
20.1337
20.2406
20.3476
20.4278
20.5348
20.6417
20.7487
20.8289
20.9358
21.016
21.123
21.2032
21.3102
21.3904
21.4706
21.5775
21.6578
21.7647
21.8449
21.9519
22.0588
22.1658
22.246
22.3529
22.4332
22.5401
22.6203
22.7005
22.7807
22.8877
22.9947
23.0749
23.1818
23.2888
23.369
23.4759
23.5561
23.6631
23.7701
23.877
23.984
24.0909
24.1711
24.2781
24.385
24.492
24.5722
24.6791
24.7861
24.8663
24.9733
25.0802
25.1604
25.2674
25.3476
25.4278
25.5348
25.615
25.6952
25.8021
25.8824
25.9626
26.0695
26.1497
26.2299
26.3102
26.3904
26.4706
26.5508
26.6578
26.738
26.8182
26.8984
26.9786
27.0588
27.139
27.2193
27.2995
27.3797
27.4599
27.5401
27.6203
27.6738
27.754
27.861
27.9412
28.0214
28.1016
28.1818
28.262
28.369
28.4492
28.5294
28.6364
28.7166
28.7968
28.877
28.9572
29.0642
29.1444
29.2513
29.3316
29.4385
29.5187
29.5989
29.7059
29.7861
29.893
29.9733
30.0802
30.1604
30.2674
30.3476
30.4545
30.5615
30.6417
30.7487
30.8556
30.9358
31.0428
31.123
31.2299
31.3369
31.4439
31.5241
31.631
31.7112
31.8182
31.9251
32.0321
32.1123
32.2193
32.3262
32.4064
32.5134
32.6203
32.7273
32.8075
32.9144
33.0214
33.1283
33.2353
33.3422
33.4492
33.5294
33.6364
33.7166
33.8235
33.9305
34.0374
34.1444
34.2513
34.3583
34.4652
34.5722
34.6791
34.7594
34.8663
34.9733
35.0802
35.1872
35.2941
35.4011
35.4813
35.5882
35.6952
35.8021
35.9091
36.016
36.123
36.2299
36.3369
36.4439
36.5241
36.631
36.738
36.8449
36.9519
37.0588
37.1658
37.246
37.3529
37.4599
37.5668
37.6471
37.754
37.861
37.9679
38.0749
38.1818
38.262
38.369
38.4759
38.5561
38.6631
38.7701
38.877
38.984
39.0909
39.1979
39.3048
39.385
39.492
39.5989
39.7059
39.8128
39.893
40
40.107
40.2139
40.3209
40.4278
40.5348
