-65
-65
-65
-65
-65
-65
-65
-65
-65
-65
-65
-65
-65
-65
-65
-65
-65
-64.574
-64.574
-64.574
-64.574
-64.574
-64.574
-64.574
-64.574
-64.574
-65
-64.574
-64.574
-64.574
-64.574
-64.574
-64.574
-64.574
-64.574
-65
-65
-65
-65
-64.574
-65
-65
-65
-65
-65
-65
-65
-65
-65
-64.574
-64.1479
-64.574
-64.574
-64.574
-64.574
-64.574
-64.574
-64.574
-64.574
-65
-65
-64.574
-64.574
-64.574
-64.574
-64.574
-64.574
-64.574
-64.574
-64.574
-65
-64.574
-64.574
-64.574
-65
-65
-65
-64.574
-64.574
-64.574
-64.574
-64.574
-65
-64.574
-64.1479
-64.1479
-64.574
-64.574
-64.574
-64.574
-64.574
-64.574
-64.1479
-64.1479
-64.574
-64.574
-64.574
-64.574
-64.574
-64.574
-64.574
-64.574
-64.574
-64.574
-64.574
-64.574
-64.574
-64.574
-65
-65
-64.574
-64.574
-64.574
-64.574
-64.574
-64.1479
-63.7219
-63.7219
-62.8698
-61.5917
-60.7396
-59.0355
-57.7574
-56.0533
-54.3491
-53.071
-51.3669
-49.6627
-47.9586
-45.8284
-43.6982
-41.9941
-40.2899
-36.8817
-36.8817
-33.4734
-32.1953
-30.4911
-26.2308
-23.2485
-21.1183
-19.8402
-18.1361
-16.858
-15.1538
-13.8757
-12.1716
-10.8935
-10.4675
-10.8935
-12.1716
-13.4497
-14.3018
-15.5799
-16.432
-17.284
-18.5621
-19.4142
-20.6923
-21.1183
-22.3964
-23.6746
-24.5266
-25.3787
-25.8047
-26.6568
-27.5089
-28.3609
-28.787
-29.6391
-29.6391
-30.0651
-30.9172
-31.3432
-32.1953
-32.6213
-33.0473
-33.4734
-33.8994
-34.3254
-34.7515
-35.1775
-35.6036
-36.0296
-36.0296
-35.1775
-34.3254
-33.4734
-32.1953
-30.9172
-29.6391
-28.3609
-26.6568
-25.3787
-24.1006
-22.8225
-21.1183
-19.8402
-18.5621
-17.284
-16.0059
-14.7278
-13.4497
-12.5976
-11.7456
-10.4675
-9.61538
-8.33728
-7.48521
-6.63314
-5.78107
-4.50296
-3.22485
-2.37278
-1.09467
-0.242604
1.0355
1.88757
2.31361
3.16568
3.59172
3.59172
3.59172
4.01775
4.44379
4.86982
4.44379
4.44379
4.44379
4.86982
4.44379
4.44379
4.01775
3.59172
2.73964
2.73964
2.31361
1.46154
1.46154
0.609467
-0.242604
-0.668639
-1.52071
-1.94675
-2.79882
-2.79882
-2.79882
-2.37278
-1.94675
-1.52071
-1.09467
-0.668639
0.183432
0.609467
1.46154
2.31361
2.73964
2.73964
3.16568
4.01775
4.01775
4.44379
4.86982
5.29586
5.29586
5.72189
5.72189
5.72189
5.29586
5.72189
5.72189
5.72189
4.86982
4.86982
4.44379
4.01775
3.59172
3.59172
3.16568
2.73964
2.31361
1.46154
0.609467
-0.242604
-0.242604
-1.09467
-1.94675
-2.79882
-3.65089
-4.50296
-4.92899
-5.78107
-6.63314
-7.48521
-8.76331
-9.61538
-10.4675
-11.3195
-12.5976
-13.4497
-14.3018
-15.5799
-16.858
-17.7101
-18.5621
-19.4142
-20.6923
-21.5444
-22.3964
-23.6746
-24.5266
-25.3787
-26.2308
-27.0828
-27.9349
-28.787
-29.6391
-30.4911
-31.3432
-31.7692
-32.6213
-33.8994
-34.3254
-34.7515
-35.6036
-36.0296
-36.8817
-37.7337
-38.1598
-39.0118
-39.4379
-40.2899
-40.716
-41.142
-41.568
-41.9941
-42.8462
-43.2722
-43.6982
-44.1243
-44.1243
-44.9763
-45.4024
-45.4024
-45.8284
-46.2544
-46.6805
-47.1065
-47.5325
-47.9586
-47.9586
-48.3846
-48.8107
-49.2367
-49.2367
-49.6627
-50.0888
-50.5148
-50.5148
-50.9408
-51.3669
-51.7929
-51.7929
-52.2189
-52.645
-52.645
-52.645
-53.071
-53.071
-53.071
-53.071
-53.497
-53.9231
-54.3491
-54.3491
-54.3491
-54.3491
-54.3491
-54.3491
-54.7751
-54.7751
-55.2012
-55.2012
-55.2012
-55.6272
-55.6272
-56.0533
-56.0533
-56.0533
-56.0533
-56.4793
-56.4793
-56.4793
-56.9053
-56.9053
-56.9053
-56.9053
-56.9053
-56.9053
-57.3314
-57.7574
-58.1834
-58.1834
-58.1834
-58.1834
-58.1834
-58.6095
-58.6095
-58.6095
-58.1834
-58.1834
-58.6095
-58.6095
-58.6095
-59.0355
-59.0355
-58.6095
-59.0355
-59.0355
-59.0355
-59.0355
-59.0355
-59.0355
-59.0355
-59.4615
-59.4615
-59.8876
-59.8876
-59.8876
-59.8876
-59.8876
-59.8876
-60.3136
-60.3136
-60.3136
-60.3136
-60.3136
-60.3136
-60.3136
-60.3136
